location,date,total_cases,total_deaths,reproduction_rate,positive_rate,total_vaccinations,people_vaccinated,people_fully_vaccinated,stringency_index,diabetes_prevalence,population
앙골라,2020-01-03,,,,,,,,0.0,3.94,35588996
앙골라,2020-01-04,,,,,,,,0.0,3.94,35588996
앙골라,2020-01-05,,,,,,,,0.0,3.94,35588996
앙골라,2020-01-06,,,,,,,,0.0,3.94,35588996
앙골라,2020-01-07,,,,,,,,0.0,3.94,35588996
앙골라,2020-01-08,,,,,,,,0.0,3.94,35588996
앙골라,2020-01-09,,,,,,,,0.0,3.94,35588996
앙골라,2020-01-10,,,,,,,,0.0,3.94,35588996
앙골라,2020-01-11,,,,,,,,0.0,3.94,35588996
앙골라,2020-01-12,,,,,,,,0.0,3.94,35588996
앙골라,2020-01-13,,,,,,,,0.0,3.94,35588996
앙골라,2020-01-14,,,,,,,,0.0,3.94,35588996
앙골라,2020-01-15,,,,,,,,0.0,3.94,35588996
앙골라,2020-01-16,,,,,,,,0.0,3.94,35588996
앙골라,2020-01-17,,,,,,,,0.0,3.94,35588996
앙골라,2020-01-18,,,,,,,,0.0,3.94,35588996
앙골라,2020-01-19,,,,,,,,0.0,3.94,35588996
앙골라,2020-01-20,,,,,,,,0.0,3.94,35588996
앙골라,2020-01-21,,,,,,,,0.0,3.94,35588996
앙골라,2020-01-22,,,,,,,,0.0,3.94,35588996
앙골라,2020-01-23,,,,,,,,0.0,3.94,35588996
앙골라,2020-01-24,,,,,,,,0.0,3.94,35588996
앙골라,2020-01-25,,,,,,,,0.0,3.94,35588996
앙골라,2020-01-26,,,,,,,,0.0,3.94,35588996
앙골라,2020-01-27,,,,,,,,0.0,3.94,35588996
앙골라,2020-01-28,,,,,,,,0.0,3.94,35588996
앙골라,2020-01-29,,,,,,,,0.0,3.94,35588996
앙골라,2020-01-30,,,,,,,,0.0,3.94,35588996
앙골라,2020-01-31,,,,,,,,0.0,3.94,35588996
앙골라,2020-02-01,,,,,,,,0.0,3.94,35588996
앙골라,2020-02-02,,,,,,,,0.0,3.94,35588996
앙골라,2020-02-03,,,,,,,,0.0,3.94,35588996
앙골라,2020-02-04,,,,,,,,0.0,3.94,35588996
앙골라,2020-02-05,,,,,,,,0.0,3.94,35588996
앙골라,2020-02-06,,,,,,,,5.56,3.94,35588996
앙골라,2020-02-07,,,,,,,,5.56,3.94,35588996
앙골라,2020-02-08,,,,,,,,5.56,3.94,35588996
앙골라,2020-02-09,,,,,,,,5.56,3.94,35588996
앙골라,2020-02-10,,,,,,,,5.56,3.94,35588996
앙골라,2020-02-11,,,,,,,,5.56,3.94,35588996
앙골라,2020-02-12,,,,,,,,5.56,3.94,35588996
앙골라,2020-02-13,,,,,,,,5.56,3.94,35588996
앙골라,2020-02-14,,,,,,,,5.56,3.94,35588996
앙골라,2020-02-15,,,,,,,,5.56,3.94,35588996
앙골라,2020-02-16,,,,,,,,5.56,3.94,35588996
앙골라,2020-02-17,,,,,,,,5.56,3.94,35588996
앙골라,2020-02-18,,,,,,,,5.56,3.94,35588996
앙골라,2020-02-19,,,,,,,,5.56,3.94,35588996
앙골라,2020-02-20,,,,,,,,5.56,3.94,35588996
앙골라,2020-02-21,,,,,,,,5.56,3.94,35588996
앙골라,2020-02-22,,,,,,,,5.56,3.94,35588996
앙골라,2020-02-23,,,,,,,,5.56,3.94,35588996
앙골라,2020-02-24,,,,,,,,5.56,3.94,35588996
앙골라,2020-02-25,,,,,,,,5.56,3.94,35588996
앙골라,2020-02-26,,,,,,,,5.56,3.94,35588996
앙골라,2020-02-27,,,,,,,,5.56,3.94,35588996
앙골라,2020-02-28,,,,,,,,5.56,3.94,35588996
앙골라,2020-02-29,,,,,,,,5.56,3.94,35588996
앙골라,2020-03-01,,,,,,,,8.33,3.94,35588996
앙골라,2020-03-02,,,,,,,,8.33,3.94,35588996
앙골라,2020-03-03,,,,,,,,8.33,3.94,35588996
앙골라,2020-03-04,,,,,,,,8.33,3.94,35588996
앙골라,2020-03-05,,,,,,,,8.33,3.94,35588996
앙골라,2020-03-06,,,,,,,,8.33,3.94,35588996
앙골라,2020-03-07,,,,,,,,8.33,3.94,35588996
앙골라,2020-03-08,,,,,,,,8.33,3.94,35588996
앙골라,2020-03-09,,,,,,,,8.33,3.94,35588996
앙골라,2020-03-10,,,,,,,,8.33,3.94,35588996
앙골라,2020-03-11,,,,,,,,8.33,3.94,35588996
앙골라,2020-03-12,,,,,,,,8.33,3.94,35588996
앙골라,2020-03-13,,,,,,,,8.33,3.94,35588996
앙골라,2020-03-14,,,,,,,,8.33,3.94,35588996
앙골라,2020-03-15,,,,,,,,8.33,3.94,35588996
앙골라,2020-03-16,,,,,,,,8.33,3.94,35588996
앙골라,2020-03-17,,,,,,,,8.33,3.94,35588996
앙골라,2020-03-18,,,,,,,,8.33,3.94,35588996
앙골라,2020-03-19,,,,,,,,8.33,3.94,35588996
앙골라,2020-03-20,,,,,,,,11.11,3.94,35588996
앙골라,2020-03-21,,,,,,,,11.11,3.94,35588996
앙골라,2020-03-22,,,,,,,,11.11,3.94,35588996
앙골라,2020-03-23,,,,,,,,11.11,3.94,35588996
앙골라,2020-03-24,,,,,,,,33.33,3.94,35588996
앙골라,2020-03-25,,,,,,,,33.33,3.94,35588996
앙골라,2020-03-26,,,,,,,,33.33,3.94,35588996
앙골라,2020-03-27,,,,,,,,90.74,3.94,35588996
앙골라,2020-03-28,,,,,,,,90.74,3.94,35588996
앙골라,2020-03-29,,,,,,,,90.74,3.94,35588996
앙골라,2020-03-30,1.0,,,,,,,90.74,3.94,35588996
앙골라,2020-03-31,4.0,,,,,,,90.74,3.94,35588996
앙골라,2020-04-01,4.0,,,,,,,90.74,3.94,35588996
앙골라,2020-04-02,5.0,,,,,,,90.74,3.94,35588996
앙골라,2020-04-03,8.0,,,,,,,90.74,3.94,35588996
앙골라,2020-04-04,10.0,,,,,,,90.74,3.94,35588996
앙골라,2020-04-05,10.0,,,,,,,90.74,3.94,35588996
앙골라,2020-04-06,14.0,,,,,,,90.74,3.94,35588996
앙골라,2020-04-07,16.0,,,,,,,90.74,3.94,35588996
앙골라,2020-04-08,19.0,,,,,,,90.74,3.94,35588996
앙골라,2020-04-09,19.0,,,,,,,90.74,3.94,35588996
앙골라,2020-04-10,19.0,,,,,,,90.74,3.94,35588996
앙골라,2020-04-11,19.0,,,,,,,90.74,3.94,35588996
앙골라,2020-04-12,19.0,,,,,,,90.74,3.94,35588996
앙골라,2020-04-13,19.0,,,,,,,90.74,3.94,35588996
앙골라,2020-04-14,19.0,,,,,,,90.74,3.94,35588996
앙골라,2020-04-15,19.0,,,,,,,90.74,3.94,35588996
앙골라,2020-04-16,19.0,,,,,,,90.74,3.94,35588996
앙골라,2020-04-17,19.0,,,,,,,90.74,3.94,35588996
앙골라,2020-04-18,19.0,,,,,,,90.74,3.94,35588996
앙골라,2020-04-19,24.0,,,,,,,90.74,3.94,35588996
앙골라,2020-04-20,24.0,,,,,,,90.74,3.94,35588996
앙골라,2020-04-21,24.0,,,,,,,90.74,3.94,35588996
앙골라,2020-04-22,24.0,,,,,,,90.74,3.94,35588996
앙골라,2020-04-23,25.0,,,,,,,78.7,3.94,35588996
앙골라,2020-04-24,25.0,,,,,,,78.7,3.94,35588996
앙골라,2020-04-25,25.0,,,,,,,78.7,3.94,35588996
앙골라,2020-04-26,25.0,,,,,,,78.7,3.94,35588996
앙골라,2020-04-27,26.0,,,,,,,78.7,3.94,35588996
앙골라,2020-04-28,27.0,,,,,,,78.7,3.94,35588996
앙골라,2020-04-29,27.0,,,,,,,78.7,3.94,35588996
앙골라,2020-04-30,27.0,,,,,,,78.7,3.94,35588996
앙골라,2020-05-01,27.0,,,,,,,78.7,3.94,35588996
앙골라,2020-05-02,29.0,,,,,,,78.7,3.94,35588996
앙골라,2020-05-03,35.0,,,,,,,78.7,3.94,35588996
앙골라,2020-05-04,35.0,,,,,,,78.7,3.94,35588996
앙골라,2020-05-05,35.0,,,,,,,78.7,3.94,35588996
앙골라,2020-05-06,36.0,,,,,,,78.7,3.94,35588996
앙골라,2020-05-07,36.0,,,,,,,78.7,3.94,35588996
앙골라,2020-05-08,36.0,,,,,,,75.93,3.94,35588996
앙골라,2020-05-09,43.0,,,,,,,75.93,3.94,35588996
앙골라,2020-05-10,43.0,,,,,,,75.93,3.94,35588996
앙골라,2020-05-11,45.0,,,,,,,75.93,3.94,35588996
앙골라,2020-05-12,45.0,,,,,,,75.93,3.94,35588996
앙골라,2020-05-13,45.0,,,,,,,75.93,3.94,35588996
앙골라,2020-05-14,45.0,,,,,,,75.93,3.94,35588996
앙골라,2020-05-15,48.0,,,,,,,75.93,3.94,35588996
앙골라,2020-05-16,48.0,,,,,,,75.93,3.94,35588996
앙골라,2020-05-17,48.0,,,,,,,81.48,3.94,35588996
앙골라,2020-05-18,48.0,,,,,,,81.48,3.94,35588996
앙골라,2020-05-19,50.0,,,,,,,81.48,3.94,35588996
앙골라,2020-05-20,52.0,3.0,,,,,,81.48,3.94,35588996
앙골라,2020-05-21,58.0,3.0,,,,,,81.48,3.94,35588996
앙골라,2020-05-22,60.0,3.0,,,,,,81.48,3.94,35588996
앙골라,2020-05-23,60.0,3.0,,,,,,81.48,3.94,35588996
앙골라,2020-05-24,61.0,3.0,,,,,,81.48,3.94,35588996
앙골라,2020-05-25,70.0,4.0,,,,,,81.48,3.94,35588996
앙골라,2020-05-26,70.0,4.0,,,,,,77.78,3.94,35588996
앙골라,2020-05-27,71.0,4.0,,,,,,77.78,3.94,35588996
앙골라,2020-05-28,71.0,4.0,,,,,,77.78,3.94,35588996
앙골라,2020-05-29,74.0,4.0,,,,,,77.78,3.94,35588996
앙골라,2020-05-30,81.0,4.0,,,,,,77.78,3.94,35588996
앙골라,2020-05-31,84.0,4.0,,,,,,77.78,3.94,35588996
앙골라,2020-06-01,86.0,4.0,,,,,,77.78,3.94,35588996
앙골라,2020-06-02,86.0,4.0,,,,,,77.78,3.94,35588996
앙골라,2020-06-03,86.0,4.0,,,,,,77.78,3.94,35588996
앙골라,2020-06-04,86.0,4.0,,,,,,77.78,3.94,35588996
앙골라,2020-06-05,86.0,4.0,,,,,,77.78,3.94,35588996
앙골라,2020-06-06,86.0,4.0,,,,,,77.78,3.94,35588996
앙골라,2020-06-07,88.0,4.0,,,,,,77.78,3.94,35588996
앙골라,2020-06-08,91.0,4.0,,,,,,75.93,3.94,35588996
앙골라,2020-06-09,92.0,4.0,,,,,,75.93,3.94,35588996
앙골라,2020-06-10,96.0,4.0,,,,,,75.93,3.94,35588996
앙골라,2020-06-11,113.0,4.0,0.74,,,,,75.93,3.94,35588996
앙골라,2020-06-12,118.0,5.0,0.74,,,,,75.93,3.94,35588996
앙골라,2020-06-13,130.0,5.0,0.73,,,,,75.93,3.94,35588996
앙골라,2020-06-14,138.0,6.0,0.74,,,,,75.93,3.94,35588996
앙골라,2020-06-15,140.0,6.0,0.76,,,,,75.93,3.94,35588996
앙골라,2020-06-16,142.0,6.0,0.78,,,,,75.93,3.94,35588996
앙골라,2020-06-17,142.0,6.0,0.81,,,,,75.93,3.94,35588996
앙골라,2020-06-18,155.0,7.0,0.84,,,,,75.93,3.94,35588996
앙골라,2020-06-19,166.0,8.0,0.87,,,,,75.93,3.94,35588996
앙골라,2020-06-20,166.0,8.0,0.9,,,,,75.93,3.94,35588996
앙골라,2020-06-21,172.0,8.0,0.96,,,,,75.93,3.94,35588996
앙골라,2020-06-22,183.0,9.0,1.02,,,,,75.93,3.94,35588996
앙골라,2020-06-23,189.0,10.0,1.08,,,,,75.93,3.94,35588996
앙골라,2020-06-24,197.0,10.0,1.16,,,,,75.93,3.94,35588996
앙골라,2020-06-25,212.0,10.0,1.24,,,,,75.93,3.94,35588996
앙골라,2020-06-26,244.0,10.0,1.31,,,,,75.93,3.94,35588996
앙골라,2020-06-27,259.0,10.0,1.4,,,,,75.93,3.94,35588996
앙골라,2020-06-28,259.0,10.0,1.36,,,,,75.93,3.94,35588996
앙골라,2020-06-29,266.0,11.0,1.34,,,,,75.93,3.94,35588996
앙골라,2020-06-30,276.0,11.0,1.31,,,,,75.93,3.94,35588996
앙골라,2020-07-01,284.0,13.0,1.31,,,,,75.93,3.94,35588996
앙골라,2020-07-02,291.0,15.0,1.32,,,,,75.93,3.94,35588996
앙골라,2020-07-03,315.0,17.0,1.32,,,,,75.93,3.94,35588996
앙골라,2020-07-04,328.0,18.0,1.32,,,,,75.93,3.94,35588996
앙골라,2020-07-05,346.0,19.0,1.33,,,,,75.93,3.94,35588996
앙골라,2020-07-06,353.0,19.0,1.37,,,,,75.93,3.94,35588996
앙골라,2020-07-07,353.0,19.0,1.44,,,,,75.93,3.94,35588996
앙골라,2020-07-08,386.0,21.0,1.44,,,,,75.93,3.94,35588996
앙골라,2020-07-09,396.0,21.0,1.47,,,,,76.39,3.94,35588996
앙골라,2020-07-10,458.0,23.0,1.53,,,,,76.39,3.94,35588996
앙골라,2020-07-11,462.0,23.0,1.49,,,,,76.39,3.94,35588996
앙골라,2020-07-12,483.0,25.0,1.49,,,,,76.39,3.94,35588996
앙골라,2020-07-13,506.0,26.0,1.45,,,,,76.39,3.94,35588996
앙골라,2020-07-14,525.0,26.0,1.42,,,,,76.39,3.94,35588996
앙골라,2020-07-15,541.0,26.0,1.41,,,,,76.39,3.94,35588996
앙골라,2020-07-16,576.0,27.0,1.39,,,,,76.39,3.94,35588996
앙골라,2020-07-17,607.0,28.0,1.37,,,,,76.39,3.94,35588996
앙골라,2020-07-18,638.0,29.0,1.35,,,,,76.39,3.94,35588996
앙골라,2020-07-19,687.0,29.0,1.33,,,,,76.39,3.94,35588996
앙골라,2020-07-20,705.0,29.0,1.31,,,,,76.39,3.94,35588996
앙골라,2020-07-21,749.0,29.0,1.28,,,,,76.39,3.94,35588996
앙골라,2020-07-22,779.0,30.0,1.26,,,,,76.39,3.94,35588996
앙골라,2020-07-23,812.0,33.0,1.24,,,,,76.39,3.94,35588996
앙골라,2020-07-24,851.0,33.0,1.22,,,,,76.39,3.94,35588996
앙골라,2020-07-25,880.0,35.0,1.22,,,,,76.39,3.94,35588996
앙골라,2020-07-26,916.0,39.0,1.21,,,,,76.39,3.94,35588996
앙골라,2020-07-27,932.0,40.0,1.23,,,,,76.39,3.94,35588996
앙골라,2020-07-28,950.0,41.0,1.25,,,,,76.39,3.94,35588996
앙골라,2020-07-29,1000.0,47.0,1.26,,,,,76.39,3.94,35588996
앙골라,2020-07-30,1078.0,48.0,1.23,,,,,79.17,3.94,35588996
앙골라,2020-07-31,1109.0,51.0,1.22,,,,,79.17,3.94,35588996
앙골라,2020-08-01,1148.0,52.0,1.22,,,,,79.17,3.94,35588996
앙골라,2020-08-02,1164.0,54.0,1.24,,,,,79.17,3.94,35588996
앙골라,2020-08-03,1199.0,55.0,1.26,,,,,79.17,3.94,35588996
앙골라,2020-08-04,1280.0,58.0,1.24,,,,,79.17,3.94,35588996
앙골라,2020-08-05,1344.0,59.0,1.22,,,,,79.17,3.94,35588996
앙골라,2020-08-06,1395.0,62.0,1.2,,,,,79.17,3.94,35588996
앙골라,2020-08-07,1483.0,64.0,1.16,,,,,79.17,3.94,35588996
앙골라,2020-08-08,1538.0,67.0,1.13,,,,,79.17,3.94,35588996
앙골라,2020-08-09,1572.0,70.0,1.11,,,,,79.17,3.94,35588996
앙골라,2020-08-10,1672.0,75.0,1.06,,,,,79.17,3.94,35588996
앙골라,2020-08-11,1679.0,78.0,1.03,,,,,79.17,3.94,35588996
앙골라,2020-08-12,1735.0,80.0,1.01,,,,,79.17,3.94,35588996
앙골라,2020-08-13,1762.0,80.0,0.99,,,,,79.17,3.94,35588996
앙골라,2020-08-14,1815.0,83.0,0.98,,,,,79.17,3.94,35588996
앙골라,2020-08-15,1852.0,86.0,0.97,,,,,79.17,3.94,35588996
앙골라,2020-08-16,1879.0,86.0,0.97,,,,,79.17,3.94,35588996
앙골라,2020-08-17,1906.0,88.0,0.98,,,,,79.17,3.94,35588996
앙골라,2020-08-18,1935.0,88.0,0.99,,,,,79.17,3.94,35588996
앙골라,2020-08-19,1966.0,90.0,1.01,,,,,79.17,3.94,35588996
앙골라,2020-08-20,2015.0,92.0,1.03,,,,,79.17,3.94,35588996
앙골라,2020-08-21,2044.0,93.0,1.06,,,,,76.39,3.94,35588996
앙골라,2020-08-22,2068.0,94.0,1.1,,,,,76.39,3.94,35588996
앙골라,2020-08-23,2134.0,94.0,1.12,,,,,76.39,3.94,35588996
앙골라,2020-08-24,2171.0,96.0,1.14,,,,,76.39,3.94,35588996
앙골라,2020-08-25,2222.0,100.0,1.15,,,,,76.39,3.94,35588996
앙골라,2020-08-26,2283.0,102.0,1.16,,,,,76.39,3.94,35588996
앙골라,2020-08-27,2332.0,103.0,1.16,,,,,76.39,3.94,35588996
앙골라,2020-08-28,2415.0,105.0,1.16,,,,,76.39,3.94,35588996
앙골라,2020-08-29,2471.0,106.0,1.15,,,,,76.39,3.94,35588996
앙골라,2020-08-30,2551.0,107.0,1.14,,,,,76.39,3.94,35588996
앙골라,2020-08-31,2624.0,107.0,1.11,,,,,76.39,3.94,35588996
앙골라,2020-09-01,2654.0,108.0,1.1,,,,,81.02,3.94,35588996
앙골라,2020-09-02,2729.0,109.0,1.08,,,,,81.02,3.94,35588996
앙골라,2020-09-03,2777.0,112.0,1.07,,,,,81.02,3.94,35588996
앙골라,2020-09-04,2805.0,113.0,1.08,,,,,81.02,3.94,35588996
앙골라,2020-09-05,2876.0,115.0,1.08,,,,,81.02,3.94,35588996
앙골라,2020-09-06,2935.0,117.0,1.09,,,,,81.02,3.94,35588996
앙골라,2020-09-07,2965.0,117.0,1.1,,,,,81.02,3.94,35588996
앙골라,2020-09-08,2981.0,120.0,1.13,,,,,81.02,3.94,35588996
앙골라,2020-09-09,3033.0,124.0,1.16,,,,,81.02,3.94,35588996
앙골라,2020-09-10,3092.0,126.0,1.19,,,,,81.02,3.94,35588996
앙골라,2020-09-11,3217.0,130.0,1.2,,,,,81.02,3.94,35588996
앙골라,2020-09-12,3279.0,131.0,1.2,,,,,81.02,3.94,35588996
앙골라,2020-09-13,3335.0,132.0,1.21,,,,,81.02,3.94,35588996
앙골라,2020-09-14,3388.0,134.0,1.23,,,,,81.02,3.94,35588996
앙골라,2020-09-15,3439.0,136.0,1.24,,,,,81.02,3.94,35588996
앙골라,2020-09-16,3569.0,139.0,1.24,,,,,75.0,3.94,35588996
앙골라,2020-09-17,3675.0,143.0,1.22,,,,,75.0,3.94,35588996
앙골라,2020-09-18,3789.0,144.0,1.21,,,,,75.0,3.94,35588996
앙골라,2020-09-19,3848.0,147.0,1.21,,,,,75.0,3.94,35588996
앙골라,2020-09-20,3901.0,147.0,1.22,,,,,75.0,3.94,35588996
앙골라,2020-09-21,3991.0,152.0,1.22,,,,,75.0,3.94,35588996
앙골라,2020-09-22,4117.0,153.0,1.21,,,,,75.0,3.94,35588996
앙골라,2020-09-23,4236.0,154.0,1.19,,,,,75.0,3.94,35588996
앙골라,2020-09-24,4363.0,158.0,1.17,,,,,75.0,3.94,35588996
앙골라,2020-09-25,4475.0,161.0,1.16,,,,,75.0,3.94,35588996
앙골라,2020-09-26,4590.0,165.0,1.14,,,,,75.0,3.94,35588996
앙골라,2020-09-27,4672.0,169.0,1.13,,,,,75.0,3.94,35588996
앙골라,2020-09-28,4718.0,172.0,1.13,,,,,75.0,3.94,35588996
앙골라,2020-09-29,4797.0,174.0,1.13,,,,,75.0,3.94,35588996
앙골라,2020-09-30,4905.0,174.0,1.14,,,,,75.0,3.94,35588996
앙골라,2020-10-01,4972.0,178.0,1.16,,,,,75.0,3.94,35588996
앙골라,2020-10-02,5114.0,180.0,1.17,,,,,75.0,3.94,35588996
앙골라,2020-10-03,5211.0,185.0,1.18,,,,,75.0,3.94,35588996
앙골라,2020-10-04,5370.0,188.0,1.18,,,,,75.0,3.94,35588996
앙골라,2020-10-05,5402.0,191.0,1.2,,,,,71.3,3.94,35588996
앙골라,2020-10-06,5530.0,196.0,1.21,,,,,71.3,3.94,35588996
앙골라,2020-10-07,5725.0,205.0,1.21,,,,,71.3,3.94,35588996
앙골라,2020-10-08,5863.0,210.0,1.23,,,,,71.3,3.94,35588996
앙골라,2020-10-09,5958.0,212.0,1.24,,,,,71.3,3.94,35588996
앙골라,2020-10-10,6031.0,216.0,1.25,,,,,71.3,3.94,35588996
앙골라,2020-10-11,6246.0,221.0,1.25,,,,,71.3,3.94,35588996
앙골라,2020-10-12,6366.0,221.0,1.25,,,,,71.3,3.94,35588996
앙골라,2020-10-13,6488.0,222.0,1.26,,,,,71.3,3.94,35588996
앙골라,2020-10-14,6680.0,225.0,1.26,,,,,71.3,3.94,35588996
앙골라,2020-10-15,6846.0,230.0,1.26,,,,,71.3,3.94,35588996
앙골라,2020-10-16,7096.0,231.0,1.25,,,,,71.3,3.94,35588996
앙골라,2020-10-17,7222.0,237.0,1.25,,,,,71.3,3.94,35588996
앙골라,2020-10-18,7462.0,244.0,1.25,,,,,71.3,3.94,35588996
앙골라,2020-10-19,7622.0,250.0,1.24,,,,,71.3,3.94,35588996
앙골라,2020-10-20,7829.0,251.0,1.24,,,,,71.3,3.94,35588996
앙골라,2020-10-21,8049.0,254.0,1.23,,,,,71.3,3.94,35588996
앙골라,2020-10-22,8338.0,258.0,1.21,,,,,71.3,3.94,35588996
앙골라,2020-10-23,8582.0,263.0,1.2,,,,,65.74,3.94,35588996
앙골라,2020-10-24,8829.0,268.0,1.19,,,,,65.74,3.94,35588996
앙골라,2020-10-25,9026.0,270.0,1.18,,,,,65.74,3.94,35588996
앙골라,2020-10-26,9381.0,271.0,1.15,,,,,65.74,3.94,35588996
앙골라,2020-10-27,9644.0,273.0,1.11,,,,,65.74,3.94,35588996
앙골라,2020-10-28,9871.0,274.0,1.09,,,,,65.74,3.94,35588996
앙골라,2020-10-29,10074.0,278.0,1.07,,,,,65.74,3.94,35588996
앙골라,2020-10-30,10269.0,278.0,1.06,,,,,65.74,3.94,35588996
앙골라,2020-10-31,10558.0,282.0,1.05,,,,,65.74,3.94,35588996
앙골라,2020-11-01,10805.0,287.0,1.03,,,,,60.19,3.94,35588996
앙골라,2020-11-02,11035.0,289.0,1.01,,,,,60.19,3.94,35588996
앙골라,2020-11-03,11228.0,289.0,0.99,,,,,60.19,3.94,35588996
앙골라,2020-11-04,11577.0,291.0,0.96,,,,,60.19,3.94,35588996
앙골라,2020-11-05,11813.0,296.0,0.93,,,,,60.19,3.94,35588996
앙골라,2020-11-06,12102.0,299.0,0.9,,,,,60.19,3.94,35588996
앙골라,2020-11-07,12223.0,300.0,0.88,,,,,60.19,3.94,35588996
앙골라,2020-11-08,12335.0,303.0,0.87,,,,,60.19,3.94,35588996
앙골라,2020-11-09,12433.0,307.0,0.86,,,,,60.19,3.94,35588996
앙골라,2020-11-10,12680.0,308.0,0.84,,,,,60.19,3.94,35588996
앙골라,2020-11-11,12816.0,308.0,0.84,,,,,60.19,3.94,35588996
앙골라,2020-11-12,12953.0,312.0,0.83,,,,,60.19,3.94,35588996
앙골라,2020-11-13,13057.0,315.0,0.84,,,,,60.19,3.94,35588996
앙골라,2020-11-14,13228.0,317.0,0.85,,,,,60.19,3.94,35588996
앙골라,2020-11-15,13374.0,322.0,0.85,,,,,60.19,3.94,35588996
앙골라,2020-11-16,13451.0,322.0,0.85,,,,,60.19,3.94,35588996
앙골라,2020-11-17,13615.0,324.0,0.85,,,,,60.19,3.94,35588996
앙골라,2020-11-18,13818.0,328.0,0.85,,,,,58.8,3.94,35588996
앙골라,2020-11-19,13922.0,332.0,0.84,,,,,58.8,3.94,35588996
앙골라,2020-11-20,14134.0,333.0,0.83,,,,,58.8,3.94,35588996
앙골라,2020-11-21,14267.0,334.0,0.82,,,,,58.8,3.94,35588996
앙골라,2020-11-22,14413.0,336.0,0.81,,,,,58.8,3.94,35588996
앙골라,2020-11-23,14493.0,337.0,0.8,,,,,57.41,3.94,35588996
앙골라,2020-11-24,14634.0,337.0,0.78,,,,,57.41,3.94,35588996
앙골라,2020-11-25,14742.0,338.0,0.76,,,,,57.41,3.94,35588996
앙골라,2020-11-26,14821.0,340.0,0.75,,,,,57.41,3.94,35588996
앙골라,2020-11-27,14920.0,341.0,0.75,,,,,57.41,3.94,35588996
앙골라,2020-11-28,15008.0,342.0,0.75,,,,,57.41,3.94,35588996
앙골라,2020-11-29,15087.0,345.0,0.76,,,,,57.41,3.94,35588996
앙골라,2020-11-30,15103.0,346.0,0.77,,,,,57.41,3.94,35588996
앙골라,2020-12-01,15139.0,348.0,0.79,,,,,57.41,3.94,35588996
앙골라,2020-12-02,15251.0,350.0,0.8,,,,,57.41,3.94,35588996
앙골라,2020-12-03,15319.0,351.0,0.81,,,,,65.74,3.94,35588996
앙골라,2020-12-04,15361.0,352.0,0.84,,,,,65.74,3.94,35588996
앙골라,2020-12-05,15493.0,353.0,0.86,,,,,65.74,3.94,35588996
앙골라,2020-12-06,15536.0,354.0,0.88,,,,,65.74,3.94,35588996
앙골라,2020-12-07,15591.0,354.0,0.89,,,,,65.74,3.94,35588996
앙골라,2020-12-08,15648.0,354.0,0.91,,,,,65.74,3.94,35588996
앙골라,2020-12-09,15729.0,355.0,0.94,,,,,65.74,3.94,35588996
앙골라,2020-12-10,15804.0,358.0,0.96,,,,,65.74,3.94,35588996
앙골라,2020-12-11,15925.0,362.0,0.97,,,,,65.74,3.94,35588996
앙골라,2020-12-12,16061.0,365.0,0.96,,,,,65.74,3.94,35588996
앙골라,2020-12-13,16161.0,366.0,0.95,,,,,65.74,3.94,35588996
앙골라,2020-12-14,16188.0,371.0,0.94,,,,,65.74,3.94,35588996
앙골라,2020-12-15,16277.0,372.0,0.93,,,,,65.74,3.94,35588996
앙골라,2020-12-16,16362.0,372.0,0.92,,,,,65.74,3.94,35588996
앙골라,2020-12-17,16407.0,379.0,0.93,,,,,65.74,3.94,35588996
앙골라,2020-12-18,16484.0,382.0,0.94,,,,,65.74,3.94,35588996
앙골라,2020-12-19,16562.0,384.0,0.95,,,,,65.74,3.94,35588996
앙골라,2020-12-20,16626.0,386.0,0.96,,,,,65.74,3.94,35588996
앙골라,2020-12-21,16644.0,387.0,0.98,,,,,65.74,3.94,35588996
앙골라,2020-12-22,16686.0,390.0,1.0,,,,,65.74,3.94,35588996
앙골라,2020-12-23,16802.0,393.0,1.01,,,,,65.74,3.94,35588996
앙골라,2020-12-24,16931.0,394.0,1.0,,,,,65.74,3.94,35588996
앙골라,2020-12-25,17029.0,395.0,0.99,,,,,65.74,3.94,35588996
앙골라,2020-12-26,17099.0,396.0,0.99,,,,,65.74,3.94,35588996
앙골라,2020-12-27,17149.0,400.0,0.99,,,,,65.74,3.94,35588996
앙골라,2020-12-28,17240.0,400.0,0.98,,,,,65.74,3.94,35588996
앙골라,2020-12-29,17240.0,402.0,0.97,,,,,65.74,3.94,35588996
앙골라,2020-12-30,17371.0,403.0,0.96,,,,,65.74,3.94,35588996
앙골라,2020-12-31,17433.0,405.0,0.96,,,,,65.74,3.94,35588996
앙골라,2021-01-01,17553.0,405.0,0.95,,,,,65.74,3.94,35588996
앙골라,2021-01-02,17568.0,405.0,0.96,,,,,65.74,3.94,35588996
앙골라,2021-01-03,17608.0,407.0,0.99,,,,,65.74,3.94,35588996
앙골라,2021-01-04,17642.0,408.0,1.01,,,,,65.74,3.94,35588996
앙골라,2021-01-05,17684.0,408.0,1.04,,,,,62.96,3.94,35588996
앙골라,2021-01-06,17756.0,410.0,1.07,,,,,62.96,3.94,35588996
앙골라,2021-01-07,17864.0,413.0,1.08,,,,,62.96,3.94,35588996
앙골라,2021-01-08,17974.0,413.0,1.08,,,,,62.96,3.94,35588996
앙골라,2021-01-09,18066.0,415.0,1.08,,,,,62.96,3.94,35588996
앙골라,2021-01-10,18156.0,416.0,1.08,,,,,62.96,3.94,35588996
앙골라,2021-01-11,18193.0,416.0,1.08,,,,,62.96,3.94,35588996
앙골라,2021-01-12,18254.0,420.0,1.08,,,,,62.96,3.94,35588996
앙골라,2021-01-13,18343.0,422.0,1.09,,,,,62.96,3.94,35588996
앙골라,2021-01-14,18425.0,424.0,1.09,,,,,62.96,3.94,35588996
앙골라,2021-01-15,18613.0,425.0,1.07,,,,,62.96,3.94,35588996
앙골라,2021-01-16,18679.0,428.0,1.05,,,,,62.96,3.94,35588996
앙골라,2021-01-17,18765.0,431.0,1.04,,,,,62.96,3.94,35588996
앙골라,2021-01-18,18875.0,436.0,1.01,,,,,62.96,3.94,35588996
앙골라,2021-01-19,18926.0,439.0,0.98,,,,,62.96,3.94,35588996
앙골라,2021-01-20,19011.0,442.0,0.96,,,,,62.96,3.94,35588996
앙골라,2021-01-21,19093.0,444.0,0.94,,,,,62.96,3.94,35588996
앙골라,2021-01-22,19177.0,448.0,0.93,,,,,62.96,3.94,35588996
앙골라,2021-01-23,19269.0,452.0,0.92,,,,,62.96,3.94,35588996
앙골라,2021-01-24,19367.0,457.0,0.9,,,,,62.96,3.94,35588996
앙골라,2021-01-25,19399.0,459.0,0.88,,,,,62.96,3.94,35588996
앙골라,2021-01-26,19476.0,461.0,0.86,,,,,62.96,3.94,35588996
앙골라,2021-01-27,19553.0,462.0,0.84,,,,,62.96,3.94,35588996
앙골라,2021-01-28,19580.0,462.0,0.82,,,,,62.96,3.94,35588996
앙골라,2021-01-29,19672.0,464.0,0.81,,,,,62.96,3.94,35588996
앙골라,2021-01-30,19723.0,464.0,0.81,,,,,62.96,3.94,35588996
앙골라,2021-01-31,19782.0,464.0,0.8,,,,,62.96,3.94,35588996
앙골라,2021-02-01,19796.0,466.0,0.8,,,,,62.96,3.94,35588996
앙골라,2021-02-02,19829.0,466.0,0.8,,,,,62.96,3.94,35588996
앙골라,2021-02-03,19900.0,468.0,0.79,,,,,62.96,3.94,35588996
앙골라,2021-02-04,19937.0,470.0,0.78,,,,,62.96,3.94,35588996
앙골라,2021-02-05,19996.0,473.0,0.78,,,,,63.89,3.94,35588996
앙골라,2021-02-06,20030.0,474.0,0.79,,,,,63.89,3.94,35588996
앙골라,2021-02-07,20062.0,475.0,0.8,,,,,63.89,3.94,35588996
앙골라,2021-02-08,20086.0,475.0,0.81,,,,,63.89,3.94,35588996
앙골라,2021-02-09,20112.0,475.0,0.82,,,,,63.89,3.94,35588996
앙골라,2021-02-10,20163.0,478.0,0.82,,,,,63.89,3.94,35588996
앙골라,2021-02-11,20210.0,487.0,0.82,,,,,63.89,3.94,35588996
앙골라,2021-02-12,20261.0,487.0,0.82,,,,,63.89,3.94,35588996
앙골라,2021-02-13,20294.0,490.0,0.83,,,,,63.89,3.94,35588996
앙골라,2021-02-14,20329.0,491.0,0.83,,,,,63.89,3.94,35588996
앙골라,2021-02-15,20366.0,492.0,0.82,,,,,63.89,3.94,35588996
앙골라,2021-02-16,20381.0,493.0,0.82,,,,,63.89,3.94,35588996
앙골라,2021-02-17,20389.0,494.0,0.84,,,,,63.89,3.94,35588996
앙골라,2021-02-18,20400.0,496.0,0.88,,,,,63.89,3.94,35588996
앙골라,2021-02-19,20452.0,498.0,0.9,,,,,63.89,3.94,35588996
앙골라,2021-02-20,20478.0,498.0,0.93,,,,,63.89,3.94,35588996
앙골라,2021-02-21,20499.0,498.0,0.97,,,,,63.89,3.94,35588996
앙골라,2021-02-22,20519.0,499.0,1.01,,,,,63.89,3.94,35588996
앙골라,2021-02-23,20548.0,499.0,1.04,,,,,63.89,3.94,35588996
앙골라,2021-02-24,20584.0,500.0,1.06,,,,,63.89,3.94,35588996
앙골라,2021-02-25,20640.0,501.0,1.07,,,,,63.89,3.94,35588996
앙골라,2021-02-26,20695.0,502.0,1.07,,,,,63.89,3.94,35588996
앙골라,2021-02-27,20759.0,504.0,1.06,,,,,63.89,3.94,35588996
앙골라,2021-02-28,20782.0,506.0,1.06,,,,,63.89,3.94,35588996
앙골라,2021-03-01,20807.0,508.0,1.06,,0.0,0.0,,63.89,3.94,35588996
앙골라,2021-03-02,20854.0,508.0,1.05,,,,,63.89,3.94,35588996
앙골라,2021-03-03,20882.0,510.0,1.05,,,,,63.89,3.94,35588996
앙골라,2021-03-04,20923.0,510.0,1.05,,,,,63.89,3.94,35588996
앙골라,2021-03-05,20981.0,511.0,1.04,,,,,63.89,3.94,35588996
앙골라,2021-03-06,21026.0,511.0,1.04,,,,,63.89,3.94,35588996
앙골라,2021-03-07,21055.0,512.0,1.04,,,,,63.89,3.94,35588996
앙골라,2021-03-08,21086.0,514.0,1.04,,6169.0,6169.0,,63.89,3.94,35588996
앙골라,2021-03-09,21108.0,515.0,1.05,,,,,63.89,3.94,35588996
앙골라,2021-03-10,21114.0,516.0,1.08,,,,,63.89,3.94,35588996
앙골라,2021-03-11,21161.0,516.0,1.1,,,,,63.89,3.94,35588996
앙골라,2021-03-12,21205.0,517.0,1.13,,,,,63.89,3.94,35588996
앙골라,2021-03-13,21265.0,519.0,1.15,,,,,63.89,3.94,35588996
앙골라,2021-03-14,21323.0,520.0,1.15,,,,,63.89,3.94,35588996
앙골라,2021-03-15,21380.0,521.0,1.14,,,,,63.89,3.94,35588996
앙골라,2021-03-16,21407.0,521.0,1.14,,,,,63.89,3.94,35588996
앙골라,2021-03-17,21446.0,522.0,1.14,,,,,63.89,3.94,35588996
앙골라,2021-03-18,21489.0,522.0,1.15,,49000.0,49000.0,,63.89,3.94,35588996
앙골라,2021-03-19,21558.0,522.0,1.16,,,,,63.89,3.94,35588996
앙골라,2021-03-20,21642.0,525.0,1.15,,,,,63.89,3.94,35588996
앙골라,2021-03-21,21696.0,526.0,1.14,,,,,63.89,3.94,35588996
앙골라,2021-03-22,21733.0,527.0,1.13,,,,,64.81,3.94,35588996
앙골라,2021-03-23,21757.0,530.0,1.14,,,,,64.81,3.94,35588996
앙골라,2021-03-24,21774.0,531.0,1.16,,87022.0,87022.0,,64.81,3.94,35588996
앙골라,2021-03-25,21836.0,532.0,1.18,,,,,64.81,3.94,35588996
앙골라,2021-03-26,21914.0,532.0,1.2,,,,,64.81,3.94,35588996
앙골라,2021-03-27,21965.0,532.0,1.22,,,,,64.81,3.94,35588996
앙골라,2021-03-28,22031.0,533.0,1.24,,,,,64.81,3.94,35588996
앙골라,2021-03-29,22063.0,533.0,1.27,,130750.0,130750.0,,64.81,3.94,35588996
앙골라,2021-03-30,22132.0,534.0,1.28,,,,,64.81,3.94,35588996
앙골라,2021-03-31,22182.0,536.0,1.3,,,,,64.81,3.94,35588996
앙골라,2021-04-01,22311.0,537.0,1.3,,,,,64.81,3.94,35588996
앙골라,2021-04-02,22399.0,538.0,1.3,,,,,64.81,3.94,35588996
앙골라,2021-04-03,22467.0,538.0,1.31,,,,,64.81,3.94,35588996
앙골라,2021-04-04,22579.0,540.0,1.32,,,,,64.81,3.94,35588996
앙골라,2021-04-05,22631.0,542.0,1.33,,,,,64.81,3.94,35588996
앙골라,2021-04-06,22717.0,543.0,1.33,,181578.0,181578.0,,61.11,3.94,35588996
앙골라,2021-04-07,22885.0,547.0,1.31,,,,,61.11,3.94,35588996
앙골라,2021-04-08,23010.0,547.0,1.29,,,,,61.11,3.94,35588996
앙골라,2021-04-09,23108.0,549.0,1.28,,,,,61.11,3.94,35588996
앙골라,2021-04-10,23242.0,549.0,1.27,,,,,61.11,3.94,35588996
앙골라,2021-04-11,23331.0,550.0,1.27,,245442.0,245442.0,,63.89,3.94,35588996
앙골라,2021-04-12,23457.0,553.0,1.27,,,,,63.89,3.94,35588996
앙골라,2021-04-13,23549.0,554.0,1.26,,,,,63.89,3.94,35588996
앙골라,2021-04-14,23697.0,554.0,1.25,,,,,63.89,3.94,35588996
앙골라,2021-04-15,23841.0,557.0,1.24,,,,,63.89,3.94,35588996
앙골라,2021-04-16,23951.0,557.0,1.24,,,,,63.89,3.94,35588996
앙골라,2021-04-17,24122.0,560.0,1.24,,,,,63.89,3.94,35588996
앙골라,2021-04-18,24300.0,561.0,1.24,,,,,63.89,3.94,35588996
앙골라,2021-04-19,24389.0,561.0,1.24,,395447.0,395447.0,,63.89,3.94,35588996
앙골라,2021-04-20,24518.0,563.0,1.23,,,,,63.89,3.94,35588996
앙골라,2021-04-21,24661.0,565.0,1.23,,,,,63.89,3.94,35588996
앙골라,2021-04-22,24883.0,570.0,1.23,,,,,63.89,3.94,35588996
앙골라,2021-04-23,25051.0,572.0,1.23,,456349.0,456349.0,,63.89,3.94,35588996
앙골라,2021-04-24,25279.0,574.0,1.22,,,,,63.89,3.94,35588996
앙골라,2021-04-25,25492.0,577.0,1.21,,,,,63.89,3.94,35588996
앙골라,2021-04-26,25609.0,579.0,1.2,,,,,63.89,3.94,35588996
앙골라,2021-04-27,25710.0,583.0,1.2,,,,,63.89,3.94,35588996
앙골라,2021-04-28,25942.0,587.0,1.2,,,,,63.89,3.94,35588996
앙골라,2021-04-29,26168.0,591.0,1.19,,,,,58.33,3.94,35588996
앙골라,2021-04-30,26431.0,594.0,1.18,,,,,58.33,3.94,35588996
앙골라,2021-05-01,26652.0,596.0,1.17,,,,,58.33,3.94,35588996
앙골라,2021-05-02,26815.0,600.0,1.17,,,,,58.33,3.94,35588996
앙골라,2021-05-03,26993.0,602.0,1.17,,,,,58.33,3.94,35588996
앙골라,2021-05-04,27133.0,603.0,1.17,,,,,58.33,3.94,35588996
앙골라,2021-05-05,27284.0,609.0,1.18,,,,,58.33,3.94,35588996
앙골라,2021-05-06,27529.0,618.0,1.19,,,,,58.33,3.94,35588996
앙골라,2021-05-07,27921.0,622.0,1.18,,,,,58.33,3.94,35588996
앙골라,2021-05-08,28201.0,628.0,1.17,,,,,58.33,3.94,35588996
앙골라,2021-05-09,28477.0,630.0,1.16,,,,,58.33,3.94,35588996
앙골라,2021-05-10,28740.0,633.0,1.15,,,,,33.33,3.94,35588996
앙골라,2021-05-11,28875.0,636.0,1.14,,,,,33.33,3.94,35588996
앙골라,2021-05-12,29146.0,639.0,1.12,,626572.0,586377.0,40195.0,33.33,3.94,35588996
앙골라,2021-05-13,29405.0,645.0,1.12,,,,,33.33,3.94,35588996
앙골라,2021-05-14,29695.0,649.0,1.12,,,,,33.33,3.94,35588996
앙골라,2021-05-15,30030.0,651.0,1.11,,,,,33.33,3.94,35588996
앙골라,2021-05-16,30354.0,655.0,1.1,,,,,33.33,3.94,35588996
앙골라,2021-05-17,30637.0,659.0,1.08,,,,,33.33,3.94,35588996
앙골라,2021-05-18,30787.0,677.0,1.06,,681502.0,606287.0,75215.0,33.33,3.94,35588996
앙골라,2021-05-19,31045.0,685.0,1.05,,,,,33.33,3.94,35588996
앙골라,2021-05-20,31438.0,696.0,1.03,,,,,33.33,3.94,35588996
앙골라,2021-05-21,31661.0,704.0,1.02,,757535.0,630984.0,126551.0,33.33,3.94,35588996
앙골라,2021-05-22,31909.0,709.0,1.02,,,,,33.33,3.94,35588996
앙골라,2021-05-23,32149.0,715.0,1.03,,,,,33.33,3.94,35588996
앙골라,2021-05-24,32441.0,725.0,1.02,,,,,33.33,3.94,35588996
앙골라,2021-05-25,32623.0,731.0,1.01,,,,,33.33,3.94,35588996
앙골라,2021-05-26,32933.0,735.0,0.99,,859979.0,663049.0,196930.0,33.33,3.94,35588996
앙골라,2021-05-27,33338.0,742.0,0.97,,,,,33.33,3.94,35588996
앙골라,2021-05-28,33607.0,745.0,0.95,,,,,33.33,3.94,35588996
앙골라,2021-05-29,33944.0,749.0,0.93,,,,,33.33,3.94,35588996
앙골라,2021-05-30,34180.0,757.0,0.91,,,,,33.33,3.94,35588996
앙골라,2021-05-31,34366.0,764.0,0.9,,909215.0,679034.0,230181.0,33.33,3.94,35588996
앙골라,2021-06-01,34551.0,766.0,0.87,,,,,33.33,3.94,35588996
앙골라,2021-06-02,34752.0,772.0,0.86,,,,,33.33,3.94,35588996
앙골라,2021-06-03,34960.0,780.0,0.84,,,,,33.33,3.94,35588996
앙골라,2021-06-04,35140.0,784.0,0.84,,,,,33.33,3.94,35588996
앙골라,2021-06-05,35307.0,788.0,0.84,,,,,41.67,3.94,35588996
앙골라,2021-06-06,35594.0,794.0,0.84,,,,,41.67,3.94,35588996
앙골라,2021-06-07,35772.0,797.0,0.82,,,,,41.67,3.94,35588996
앙골라,2021-06-08,35854.0,800.0,0.81,,1115919.0,740289.0,375630.0,41.67,3.94,35588996
앙골라,2021-06-09,36004.0,803.0,0.81,,,,,41.67,3.94,35588996
앙골라,2021-06-10,36155.0,811.0,0.81,,1222630.0,774926.0,447704.0,41.67,3.94,35588996
앙골라,2021-06-11,36325.0,815.0,0.81,,,,,41.67,3.94,35588996
앙골라,2021-06-12,36455.0,819.0,0.82,,,,,41.67,3.94,35588996
앙골라,2021-06-13,36600.0,825.0,0.83,,,,,41.67,3.94,35588996
앙골라,2021-06-14,36705.0,831.0,0.84,,,,,41.67,3.94,35588996
앙골라,2021-06-15,36790.0,836.0,0.85,,1314375.0,822109.0,492266.0,41.67,3.94,35588996
앙골라,2021-06-16,36921.0,842.0,0.86,,,,,56.94,3.94,35588996
앙골라,2021-06-17,37094.0,847.0,0.87,,,,,56.94,3.94,35588996
앙골라,2021-06-18,37289.0,851.0,0.87,,,,,56.94,3.94,35588996
앙골라,2021-06-19,37467.0,853.0,0.87,,,,,56.94,3.94,35588996
앙골라,2021-06-20,37604.0,856.0,0.87,,1380174.0,866381.0,513793.0,56.94,3.94,35588996
앙골라,2021-06-21,37678.0,859.0,0.87,,,,,56.94,3.94,35588996
앙골라,2021-06-22,37748.0,868.0,0.88,,,,,56.94,3.94,35588996
앙골라,2021-06-23,37874.0,875.0,0.88,,,,,56.94,3.94,35588996
앙골라,2021-06-24,38002.0,878.0,0.89,,1432699.0,909119.0,523580.0,56.94,3.94,35588996
앙골라,2021-06-25,38091.0,881.0,0.91,,,,,56.94,3.94,35588996
앙골라,2021-06-26,38371.0,883.0,0.9,,,,,56.94,3.94,35588996
앙골라,2021-06-27,38528.0,887.0,0.89,,,,,56.94,3.94,35588996
앙골라,2021-06-28,38556.0,889.0,0.89,,1488292.0,943301.0,544991.0,56.94,3.94,35588996
앙골라,2021-06-29,38613.0,891.0,0.89,,,,,56.94,3.94,35588996
앙골라,2021-06-30,38682.0,894.0,0.9,,,,,56.94,3.94,35588996
앙골라,2021-07-01,38849.0,900.0,0.9,,,,,56.94,3.94,35588996
앙골라,2021-07-02,38965.0,903.0,0.9,,,,,56.94,3.94,35588996
앙골라,2021-07-03,39089.0,906.0,0.91,,,,,56.94,3.94,35588996
앙골라,2021-07-04,39172.0,910.0,0.92,,,,,56.94,3.94,35588996
앙골라,2021-07-05,39230.0,913.0,0.94,,1513460.0,951772.0,561688.0,56.94,3.94,35588996
앙골라,2021-07-06,39300.0,915.0,0.95,,,,,56.94,3.94,35588996
앙골라,2021-07-07,39375.0,920.0,0.97,,,,,56.94,3.94,35588996
앙골라,2021-07-08,39491.0,925.0,0.99,,,,,56.94,3.94,35588996
앙골라,2021-07-09,39593.0,925.0,1.02,,,,,56.94,3.94,35588996
앙골라,2021-07-10,39791.0,928.0,1.03,,,,,56.94,3.94,35588996
앙골라,2021-07-11,39881.0,929.0,1.04,,,,,56.94,3.94,35588996
앙골라,2021-07-12,39958.0,935.0,1.05,,1558201.0,958373.0,599828.0,56.94,3.94,35588996
앙골라,2021-07-13,40055.0,939.0,1.06,,,,,56.94,3.94,35588996
앙골라,2021-07-14,40138.0,941.0,1.08,,,,,56.94,3.94,35588996
앙골라,2021-07-15,40327.0,946.0,1.08,,,,,56.94,3.94,35588996
앙골라,2021-07-16,40530.0,951.0,1.06,,,,,56.94,3.94,35588996
앙골라,2021-07-17,40631.0,952.0,1.07,,,,,56.94,3.94,35588996
앙골라,2021-07-18,40707.0,954.0,1.08,,,,,56.94,3.94,35588996
앙골라,2021-07-19,40805.0,957.0,1.09,,1592537.0,958373.0,634164.0,56.94,3.94,35588996
앙골라,2021-07-20,40906.0,969.0,1.1,,,,,56.94,3.94,35588996
앙골라,2021-07-21,41061.0,970.0,1.1,,,,,56.94,3.94,35588996
앙골라,2021-07-22,41227.0,973.0,1.1,,,,,56.94,3.94,35588996
앙골라,2021-07-23,41405.0,977.0,1.09,,,,,56.94,3.94,35588996
앙골라,2021-07-24,41629.0,981.0,1.08,,,,,56.94,3.94,35588996
앙골라,2021-07-25,41736.0,982.0,1.08,,,,,56.94,3.94,35588996
앙골라,2021-07-26,41780.0,984.0,1.08,,,,,56.94,3.94,35588996
앙골라,2021-07-27,41879.0,991.0,1.08,,,,,56.94,3.94,35588996
앙골라,2021-07-28,42110.0,994.0,1.06,,,,,56.94,3.94,35588996
앙골라,2021-07-29,42288.0,1000.0,1.05,,,,,56.94,3.94,35588996
앙골라,2021-07-30,42486.0,1003.0,1.03,,,,,56.94,3.94,35588996
앙골라,2021-07-31,42646.0,1008.0,1.02,,,,,56.94,3.94,35588996
앙골라,2021-08-01,42777.0,1011.0,1.0,,,,,56.94,3.94,35588996
앙골라,2021-08-02,42815.0,1016.0,1.0,,,,,56.94,3.94,35588996
앙골라,2021-08-03,42920.0,1018.0,0.98,,1680059.0,969946.0,710113.0,56.94,3.94,35588996
앙골라,2021-08-04,43020.0,1022.0,0.98,,,,,56.94,3.94,35588996
앙골라,2021-08-05,43158.0,1026.0,0.99,,,,,56.94,3.94,35588996
앙골라,2021-08-06,43269.0,1032.0,1.01,,,,,56.94,3.94,35588996
앙골라,2021-08-07,43489.0,1042.0,1.02,,,,,56.94,3.94,35588996
앙골라,2021-08-08,43592.0,1044.0,1.03,,,,,56.94,3.94,35588996
앙골라,2021-08-09,43662.0,1049.0,1.04,,1695588.0,972978.0,722610.0,56.94,3.94,35588996
앙골라,2021-08-10,43747.0,1053.0,1.05,,,,,56.94,3.94,35588996
앙골라,2021-08-11,43890.0,1057.0,1.06,,,,,56.94,3.94,35588996
앙골라,2021-08-12,43998.0,1063.0,1.09,,,,,56.94,3.94,35588996
앙골라,2021-08-13,44174.0,1070.0,1.1,,,,,56.94,3.94,35588996
앙골라,2021-08-14,44328.0,1082.0,1.13,,,,,56.94,3.94,35588996
앙골라,2021-08-15,44533.0,1086.0,1.14,,,,,56.94,3.94,35588996
앙골라,2021-08-16,44617.0,1100.0,1.14,,1727488.0,1000191.0,727297.0,56.94,3.94,35588996
앙골라,2021-08-17,44731.0,1103.0,1.15,,,,,56.94,3.94,35588996
앙골라,2021-08-18,44964.0,1118.0,1.15,,,,,56.94,3.94,35588996
앙골라,2021-08-19,45175.0,1125.0,1.15,,,,,56.94,3.94,35588996
앙골라,2021-08-20,45325.0,1133.0,1.15,,1754073.0,1025762.0,728311.0,56.94,3.94,35588996
앙골라,2021-08-21,45583.0,1138.0,1.15,,,,,56.94,3.94,35588996
앙골라,2021-08-22,45817.0,1140.0,1.14,,,,,56.94,3.94,35588996
앙골라,2021-08-23,45945.0,1153.0,1.13,,,,,56.94,3.94,35588996
앙골라,2021-08-24,46076.0,1163.0,1.12,,,,,56.94,3.94,35588996
앙골라,2021-08-25,46340.0,1166.0,1.1,,1841568.0,1110558.0,731010.0,56.94,3.94,35588996
앙골라,2021-08-26,46539.0,1176.0,1.09,,,,,56.94,3.94,35588996
앙골라,2021-08-27,46723.0,1182.0,1.09,,,,,56.94,3.94,35588996
앙골라,2021-08-28,46929.0,1186.0,1.09,,,,,56.94,3.94,35588996
앙골라,2021-08-29,47079.0,1192.0,1.1,,,,,56.94,3.94,35588996
앙골라,2021-08-30,47168.0,1201.0,1.11,,,,,56.94,3.94,35588996
앙골라,2021-08-31,47331.0,1210.0,1.11,,,,,56.94,3.94,35588996
앙골라,2021-09-01,47544.0,1217.0,1.12,,2086325.0,1165755.0,920570.0,63.89,3.94,35588996
앙골라,2021-09-02,47781.0,1227.0,1.13,,,,,63.89,3.94,35588996
앙골라,2021-09-03,48004.0,1235.0,1.14,,,,,63.89,3.94,35588996
앙골라,2021-09-04,48261.0,1248.0,1.15,,,,,63.89,3.94,35588996
앙골라,2021-09-05,48475.0,1258.0,1.16,,,,,63.89,3.94,35588996
앙골라,2021-09-06,48656.0,1270.0,1.16,,,,,63.89,3.94,35588996
앙골라,2021-09-07,48790.0,1282.0,1.17,,,,,63.89,3.94,35588996
앙골라,2021-09-08,49114.0,1299.0,1.17,,,,,63.89,3.94,35588996
앙골라,2021-09-09,49349.0,1309.0,1.18,,,,,63.89,3.94,35588996
앙골라,2021-09-10,49628.0,1313.0,1.19,,,,,63.89,3.94,35588996
앙골라,2021-09-11,49943.0,1322.0,1.2,,2469333.0,1510880.0,958453.0,63.89,3.94,35588996
앙골라,2021-09-12,50348.0,1327.0,1.19,,,,,63.89,3.94,35588996
앙골라,2021-09-13,50446.0,1339.0,1.19,,,,,63.89,3.94,35588996
앙골라,2021-09-14,50446.0,1339.0,1.18,,,,,63.89,3.94,35588996
앙골라,2021-09-15,51047.0,1358.0,1.17,,,,,63.89,3.94,35588996
앙골라,2021-09-16,51407.0,1360.0,1.17,,,,,63.89,3.94,35588996
앙골라,2021-09-17,51827.0,1371.0,1.15,,,,,63.89,3.94,35588996
앙골라,2021-09-18,52208.0,1378.0,1.14,,,,,63.89,3.94,35588996
앙골라,2021-09-19,52307.0,1388.0,1.16,,2820134.0,1836547.0,983587.0,63.89,3.94,35588996
앙골라,2021-09-20,52423.0,1391.0,1.18,,,,,63.89,3.94,35588996
앙골라,2021-09-21,52644.0,1409.0,1.2,,,,,63.89,3.94,35588996
앙골라,2021-09-22,52968.0,1414.0,1.22,,,,,63.89,3.94,35588996
앙골라,2021-09-23,53387.0,1434.0,1.23,,,,,63.89,3.94,35588996
앙골라,2021-09-24,53840.0,1460.0,1.24,,,,,63.89,3.94,35588996
앙골라,2021-09-25,54280.0,1471.0,1.25,,,,,63.89,3.94,35588996
앙골라,2021-09-26,54795.0,1487.0,1.25,,3134137.0,2127405.0,1006732.0,63.89,3.94,35588996
앙골라,2021-09-27,55121.0,1501.0,1.24,,,,,63.89,3.94,35588996
앙골라,2021-09-28,55583.0,1513.0,1.22,,,,,63.89,3.94,35588996
앙골라,2021-09-29,56040.0,1526.0,1.21,,,,,63.89,3.94,35588996
앙골라,2021-09-30,56583.0,1537.0,1.2,,,,,63.89,3.94,35588996
앙골라,2021-10-01,57247.0,1548.0,1.22,,,,,62.5,3.94,35588996
앙골라,2021-10-02,58076.0,1567.0,1.17,,,,,62.5,3.94,35588996
앙골라,2021-10-03,58603.0,1574.0,1.11,,,,,62.5,3.94,35588996
앙골라,2021-10-04,58943.0,1577.0,1.06,,,,,62.5,3.94,35588996
앙골라,2021-10-05,59371.0,1584.0,1.02,,,,,62.5,3.94,35588996
앙골라,2021-10-06,59895.0,1587.0,0.97,,,,,62.5,3.94,35588996
앙골라,2021-10-07,60448.0,1598.0,0.91,,,,,62.5,3.94,35588996
앙골라,2021-10-08,60803.0,1603.0,0.86,,4074677.0,2863708.0,1210969.0,62.5,3.94,35588996
앙골라,2021-10-09,61023.0,1613.0,0.82,,,,,62.5,3.94,35588996
앙골라,2021-10-10,61245.0,1618.0,0.8,,,,,62.5,3.94,35588996
앙골라,2021-10-11,61378.0,1622.0,0.77,,,,,62.5,3.94,35588996
앙골라,2021-10-12,61580.0,1629.0,0.74,,,,,62.5,3.94,35588996
앙골라,2021-10-13,61794.0,1642.0,0.73,,,,,62.5,3.94,35588996
앙골라,2021-10-14,62143.0,1650.0,0.71,,4448653.0,3158501.0,1290152.0,62.5,3.94,35588996
앙골라,2021-10-15,62385.0,1653.0,0.7,,,,,62.5,3.94,35588996
앙골라,2021-10-16,62606.0,1660.0,0.69,,,,,62.5,3.94,35588996
앙골라,2021-10-17,62789.0,1662.0,0.67,,,,,62.5,3.94,35588996
앙골라,2021-10-18,62842.0,1664.0,0.66,,5224697.0,3787300.0,1437397.0,62.5,3.94,35588996
앙골라,2021-10-19,63012.0,1670.0,0.65,,,,,62.5,3.94,35588996
앙골라,2021-10-20,63197.0,1678.0,0.63,,5661085.0,4126328.0,1534757.0,62.5,3.94,35588996
앙골라,2021-10-21,63340.0,1682.0,0.63,,,,,62.5,3.94,35588996
앙골라,2021-10-22,63567.0,1685.0,0.61,,,,,62.5,3.94,35588996
앙골라,2021-10-23,63691.0,1693.0,0.61,,,,,62.5,3.94,35588996
앙골라,2021-10-24,63775.0,1695.0,0.6,,5940208.0,,,62.5,3.94,35588996
앙골라,2021-10-25,63861.0,1697.0,0.59,,,,,62.5,3.94,35588996
앙골라,2021-10-26,63930.0,1701.0,0.57,,6164219.0,4498272.0,1665947.0,55.09,3.94,35588996
앙골라,2021-10-27,64033.0,1702.0,0.56,,,,,55.09,3.94,35588996
앙골라,2021-10-28,64126.0,1703.0,0.56,,,,,55.09,3.94,35588996
앙골라,2021-10-29,64226.0,1705.0,0.55,,,,,55.09,3.94,35588996
앙골라,2021-10-30,64301.0,1707.0,0.55,,,,,55.09,3.94,35588996
앙골라,2021-10-31,64374.0,1708.0,0.55,,,,,55.09,3.94,35588996
앙골라,2021-11-01,64433.0,1710.0,0.53,,,,,55.09,3.94,35588996
앙골라,2021-11-02,64458.0,1713.0,0.51,,6647925.0,4846094.0,1801831.0,55.09,3.94,35588996
앙골라,2021-11-03,64487.0,1713.0,0.52,,,,,55.09,3.94,35588996
앙골라,2021-11-04,64533.0,1716.0,0.53,,,,,55.09,3.94,35588996
앙골라,2021-11-05,64583.0,1718.0,0.54,,,,,55.09,3.94,35588996
앙골라,2021-11-06,64612.0,1719.0,0.56,,,,,55.09,3.94,35588996
앙골라,2021-11-07,64654.0,1719.0,0.57,,7246966.0,5269623.0,1977343.0,55.09,3.94,35588996
앙골라,2021-11-08,64674.0,1720.0,0.58,,,,,55.09,3.94,35588996
앙골라,2021-11-09,64724.0,1721.0,0.57,,,,,55.09,3.94,35588996
앙골라,2021-11-10,64762.0,1723.0,0.57,,,,,55.09,3.94,35588996
앙골라,2021-11-11,64762.0,1723.0,0.57,,7806481.0,5802574.0,2003907.0,55.09,3.94,35588996
앙골라,2021-11-12,64857.0,1725.0,0.57,,,,,55.09,3.94,35588996
앙골라,2021-11-13,64875.0,1726.0,0.58,,,,,55.09,3.94,35588996
앙골라,2021-11-14,64899.0,1727.0,0.59,,,,,55.09,3.94,35588996
앙골라,2021-11-15,64913.0,1727.0,0.59,,,,,55.09,3.94,35588996
앙골라,2021-11-16,64913.0,1727.0,0.59,,,,,55.09,3.94,35588996
앙골라,2021-11-17,64940.0,1729.0,0.6,,,,,55.09,3.94,35588996
앙골라,2021-11-18,64968.0,1729.0,0.62,,8231981.0,5950213.0,2281768.0,55.09,3.94,35588996
앙골라,2021-11-19,64985.0,1729.0,0.65,,,,,55.09,3.94,35588996
앙골라,2021-11-20,64997.0,1729.0,0.68,,,,,55.09,3.94,35588996
앙골라,2021-11-21,65011.0,1730.0,0.71,,8798259.0,6145451.0,2652808.0,55.09,3.94,35588996
앙골라,2021-11-22,65011.0,1730.0,0.74,,,,,55.09,3.94,35588996
앙골라,2021-11-23,65033.0,1730.0,0.76,,,,,61.11,3.94,35588996
앙골라,2021-11-24,65061.0,1730.0,0.78,,9026310.0,6266044.0,2760266.0,61.11,3.94,35588996
앙골라,2021-11-25,65080.0,1731.0,0.81,,,,,61.11,3.94,35588996
앙골라,2021-11-26,65105.0,1732.0,0.84,,,,,61.11,3.94,35588996
앙골라,2021-11-27,65130.0,1733.0,0.86,,,,,61.11,3.94,35588996
앙골라,2021-11-28,65139.0,1733.0,0.89,,,,,61.11,3.94,35588996
앙골라,2021-11-29,65144.0,1733.0,0.92,,,,,61.11,3.94,35588996
앙골라,2021-11-30,65155.0,1733.0,0.95,,,,,61.11,3.94,35588996
앙골라,2021-12-01,65168.0,1733.0,1.0,,,,,66.67,3.94,35588996
앙골라,2021-12-02,65183.0,1735.0,1.07,,9847459.0,,3072475.0,66.67,3.94,35588996
앙골라,2021-12-03,65208.0,1735.0,1.13,,,,,66.67,3.94,35588996
앙골라,2021-12-04,65223.0,1735.0,1.2,,,,,66.67,3.94,35588996
앙골라,2021-12-05,65244.0,1735.0,1.26,,,,,66.67,3.94,35588996
앙골라,2021-12-06,65259.0,1735.0,1.32,,10018061.0,6737721.0,3280340.0,66.67,3.94,35588996
앙골라,2021-12-07,65280.0,1735.0,1.39,,,,,66.67,3.94,35588996
앙골라,2021-12-08,65301.0,1735.0,1.45,,,,,66.67,3.94,35588996
앙골라,2021-12-09,65332.0,1735.0,1.52,,10319552.0,7003795.0,3315757.0,66.67,3.94,35588996
앙골라,2021-12-10,65346.0,1736.0,1.61,,,,,66.67,3.94,35588996
앙골라,2021-12-11,65371.0,1737.0,1.72,,,,,66.67,3.94,35588996
앙골라,2021-12-12,65397.0,1737.0,1.83,,,,,66.67,3.94,35588996
앙골라,2021-12-13,65404.0,1737.0,1.96,,,,,66.67,3.94,35588996
앙골라,2021-12-14,65431.0,1737.0,2.13,,,,,66.67,3.94,35588996
앙골라,2021-12-15,65476.0,1737.0,2.34,,10805281.0,7246240.0,3559041.0,66.67,3.94,35588996
앙골라,2021-12-16,65566.0,1737.0,2.43,,,,,66.67,3.94,35588996
앙골라,2021-12-17,65648.0,1737.0,2.51,,,,,66.67,3.94,35588996
앙골라,2021-12-18,65760.0,1738.0,2.6,,,,,66.67,3.94,35588996
앙골라,2021-12-19,65868.0,1738.0,2.69,,,,,66.67,3.94,35588996
앙골라,2021-12-20,65938.0,1738.0,2.8,,,,,66.67,3.94,35588996
앙골라,2021-12-21,65938.0,1738.0,2.91,,,,,66.67,3.94,35588996
앙골라,2021-12-22,65938.0,1738.0,2.94,,,,,66.67,3.94,35588996
앙골라,2021-12-23,65938.0,1738.0,2.94,,11164918.0,7423668.0,3741250.0,66.67,3.94,35588996
앙골라,2021-12-24,68362.0,1743.0,2.85,,,,,71.59,3.94,35588996
앙골라,2021-12-25,70221.0,1746.0,2.7,,,,,71.59,3.94,35588996
앙골라,2021-12-26,71142.0,1746.0,2.57,,,,,71.59,3.94,35588996
앙골라,2021-12-27,71752.0,1749.0,2.47,,,,,71.59,3.94,35588996
앙골라,2021-12-28,73697.0,1750.0,2.41,,,,,71.59,3.94,35588996
앙골라,2021-12-29,76787.0,1757.0,2.19,,,,,71.59,3.94,35588996
앙골라,2021-12-30,76787.0,1757.0,1.99,,11615144.0,7685417.0,3929727.0,71.51,3.94,35588996
앙골라,2021-12-31,76787.0,1757.0,1.82,,,,,71.51,3.94,35588996
앙골라,2022-01-01,76787.0,1757.0,1.67,,,,,71.51,3.94,35588996
앙골라,2022-01-02,82398.0,1772.0,1.54,,,,,71.51,3.94,35588996
앙골라,2022-01-03,82920.0,1772.0,1.42,,,,,71.51,3.94,35588996
앙골라,2022-01-04,83764.0,1775.0,1.31,,,,,71.51,3.94,35588996
앙골라,2022-01-05,84666.0,1778.0,1.24,,,,,71.51,3.94,35588996
앙골라,2022-01-06,86636.0,1789.0,1.16,,11797041.0,7803739.0,3993302.0,71.49,3.94,35588996
앙골라,2022-01-07,87625.0,1799.0,1.09,,,,,71.49,3.94,35588996
앙골라,2022-01-08,88775.0,1809.0,1.03,,12099891.0,8176125.0,4174988.0,71.41,3.94,35588996
앙골라,2022-01-09,88775.0,1809.0,0.97,,,,,71.41,3.94,35588996
앙골라,2022-01-10,89718.0,1826.0,0.92,,,,,71.41,3.94,35588996
앙골라,2022-01-11,90316.0,1832.0,0.86,,,,,71.41,3.94,35588996
앙골라,2022-01-12,91148.0,1840.0,0.82,,12377226.0,8178286.0,4198940.0,71.4,3.94,35588996
앙골라,2022-01-13,91907.0,1842.0,0.79,,,,,71.4,3.94,35588996
앙골라,2022-01-14,92581.0,1847.0,0.76,,12690132.0,8298224.0,4308880.0,71.36,3.94,35588996
앙골라,2022-01-15,93302.0,1852.0,0.74,,,,,71.36,3.94,35588996
앙골라,2022-01-16,93524.0,1857.0,0.71,,,,,71.36,3.94,35588996
앙골라,2022-01-17,93694.0,1863.0,0.69,,,,,71.36,3.94,35588996
앙골라,2022-01-18,93974.0,1866.0,0.67,,,,,68.58,3.94,35588996
앙골라,2022-01-19,94275.0,1870.0,0.67,,,,,68.58,3.94,35588996
앙골라,2022-01-20,94779.0,1877.0,0.67,,,,,68.58,3.94,35588996
앙골라,2022-01-21,95220.0,1881.0,0.67,0.089,,,,68.58,3.94,35588996
앙골라,2022-01-22,95676.0,1884.0,0.67,0.0971,,,,68.58,3.94,35588996
앙골라,2022-01-23,95902.0,1886.0,0.66,0.1295,13944656.0,9287396.0,4540048.0,68.48,3.94,35588996
앙골라,2022-01-24,96582.0,1888.0,0.62,0.1635,,,,68.48,3.94,35588996
앙골라,2022-01-25,97263.0,1888.0,0.56,0.1113,,,,68.48,3.94,35588996
앙골라,2022-01-26,97594.0,1891.0,0.51,0.1067,,,,68.48,3.94,35588996
앙골라,2022-01-27,97812.0,1892.0,0.47,0.0992,,,,68.48,3.94,35588996
앙골라,2022-01-28,97901.0,1893.0,0.43,0.1095,14588435.0,9713546.0,4731866.0,68.4,3.94,35588996
앙골라,2022-01-29,98029.0,1893.0,0.41,0.1002,,,,68.4,3.94,35588996
앙골라,2022-01-30,98057.0,1894.0,0.38,0.0695,,,,68.4,3.94,35588996
앙골라,2022-01-31,98076.0,1895.0,0.36,0.0351,,,,68.4,3.94,35588996
앙골라,2022-02-01,98076.0,1895.0,0.33,0.0415,,,,68.4,3.94,35588996
앙골라,2022-02-02,98226.0,1895.0,0.31,0.0263,15039557.0,9999633.0,4880035.0,68.34,3.94,35588996
앙골라,2022-02-03,98267.0,1895.0,0.3,0.0217,,,,68.34,3.94,35588996
앙골라,2022-02-04,98319.0,1896.0,0.3,0.0161,,,,68.34,3.94,35588996
앙골라,2022-02-05,98340.0,1896.0,0.3,0.0151,,,,68.34,3.94,35588996
앙골라,2022-02-06,98351.0,1896.0,0.3,0.0147,,,,68.34,3.94,35588996
앙골라,2022-02-07,98364.0,1896.0,0.3,0.0174,,,,68.34,3.94,35588996
앙골라,2022-02-08,98409.0,1896.0,0.29,0.014,,,,64.47,3.94,35588996
앙골라,2022-02-09,98424.0,1896.0,0.3,0.0145,15505389.0,10241793.0,5088239.0,64.42,3.94,35588996
앙골라,2022-02-10,98453.0,1896.0,0.31,0.0134,,,,64.42,3.94,35588996
앙골라,2022-02-11,98474.0,1897.0,0.33,0.0146,,,,64.42,3.94,35588996
앙골라,2022-02-12,98501.0,1898.0,0.35,0.0154,,,,64.42,3.94,35588996
앙골라,2022-02-13,98514.0,1898.0,0.36,0.0149,,,,64.42,3.94,35588996
앙골라,2022-02-14,98514.0,1898.0,0.38,0.0089,,,,64.42,3.94,35588996
앙골라,2022-02-15,98532.0,1898.0,0.4,0.0097,15902065.0,10427400.0,5278086.0,64.37,3.94,35588996
앙골라,2022-02-16,98555.0,1899.0,0.42,0.0094,,,,64.37,3.94,35588996
앙골라,2022-02-17,98568.0,1899.0,0.45,0.01,,,,64.37,3.94,35588996
앙골라,2022-02-18,98585.0,1899.0,0.47,0.0088,,,,64.37,3.94,35588996
앙골라,2022-02-19,98605.0,1899.0,0.5,0.0081,,,,64.37,3.94,35588996
앙골라,2022-02-20,98617.0,1899.0,0.53,0.009,,,,64.37,3.94,35588996
앙골라,2022-02-21,98638.0,1899.0,0.54,0.0114,,,,64.37,3.94,35588996
앙골라,2022-02-22,98658.0,1899.0,0.55,0.0102,16259606.0,10591264.0,5448403.0,64.32,3.94,35588996
앙골라,2022-02-23,98671.0,1899.0,0.57,0.0112,,,,64.32,3.94,35588996
앙골라,2022-02-24,98698.0,1899.0,0.58,0.0093,,,,64.32,3.94,35588996
앙골라,2022-02-25,98701.0,1899.0,0.6,0.0071,,,,64.32,3.94,35588996
앙골라,2022-02-26,98701.0,1899.0,0.65,0.006,,,,64.32,3.94,35588996
앙골라,2022-02-27,98701.0,1899.0,0.71,0.0046,,,,64.32,3.94,35588996
앙골라,2022-02-28,98701.0,1899.0,0.77,0.0062,,,,64.32,3.94,35588996
앙골라,2022-03-01,98741.0,1900.0,0.78,0.0058,,,,64.32,3.94,35588996
앙골라,2022-03-02,98746.0,1900.0,0.81,0.0038,16633167.0,10780927.0,5609044.0,64.28,3.94,35588996
앙골라,2022-03-03,98746.0,1900.0,0.87,0.004,,,,64.28,3.94,35588996
앙골라,2022-03-04,98746.0,1900.0,0.95,0.0096,,,,64.28,3.94,35588996
앙골라,2022-03-05,98796.0,1900.0,0.95,0.0078,,,,64.28,3.94,35588996
앙골라,2022-03-06,98802.0,1900.0,0.97,0.0081,,,,64.28,3.94,35588996
앙골라,2022-03-07,98806.0,1900.0,0.98,0.0049,,,,64.28,3.94,35588996
앙골라,2022-03-08,98806.0,1900.0,1.02,0.0051,16850195.0,10895481.0,5699666.0,42.51,3.94,35588996
앙골라,2022-03-09,98829.0,1900.0,1.05,0.0057,,,,42.51,3.94,35588996
앙골라,2022-03-10,98855.0,1900.0,1.06,0.0048,,,,42.51,3.94,35588996
앙골라,2022-03-11,98871.0,1900.0,1.09,0.0023,,,,42.51,3.94,35588996
앙골라,2022-03-12,98871.0,1900.0,1.16,0.0046,,,,42.51,3.94,35588996
앙골라,2022-03-13,98909.0,1900.0,1.12,0.005,,,,42.51,3.94,35588996
앙골라,2022-03-14,98927.0,1900.0,1.08,0.0051,,,,42.51,3.94,35588996
앙골라,2022-03-15,98931.0,1900.0,1.06,0.0057,,,,42.51,3.94,35588996
앙골라,2022-03-16,98956.0,1900.0,1.03,0.0066,,,,42.51,3.94,35588996
앙골라,2022-03-17,98985.0,1900.0,0.99,0.0086,17262044.0,11085468.0,5888639.0,42.45,3.94,35588996
앙골라,2022-03-18,99003.0,1900.0,0.95,0.0096,,,,42.45,3.94,35588996
앙골라,2022-03-19,99010.0,1900.0,0.94,0.007,,,,42.45,3.94,35588996
앙골라,2022-03-20,99010.0,1900.0,0.95,0.0056,,,,42.45,3.94,35588996
앙골라,2022-03-21,99010.0,1900.0,0.98,0.0056,,,,42.45,3.94,35588996
앙골라,2022-03-22,99010.0,1900.0,1.01,0.0069,,,,42.45,3.94,35588996
앙골라,2022-03-23,99058.0,1900.0,0.97,0.0047,,,,42.45,3.94,35588996
앙골라,2022-03-24,99058.0,1900.0,0.95,0.0049,,,,42.45,3.94,35588996
앙골라,2022-03-25,99081.0,1900.0,0.92,0.0065,17535411.0,11235059.0,5993792.0,42.41,3.94,35588996
앙골라,2022-03-26,99102.0,1900.0,0.87,0.007,,,,42.41,3.94,35588996
앙골라,2022-03-27,99106.0,1900.0,0.84,0.008,,,,42.41,3.94,35588996
앙골라,2022-03-28,99115.0,1900.0,0.81,0.0083,,,,42.41,3.94,35588996
앙골라,2022-03-29,99138.0,1900.0,0.79,0.0072,,,,42.41,3.94,35588996
앙골라,2022-03-30,99138.0,1900.0,0.76,0.0083,,,,42.41,3.94,35588996
앙골라,2022-03-31,99138.0,1900.0,0.74,0.0107,,,,42.41,3.94,35588996
앙골라,2022-04-01,99169.0,1900.0,0.67,0.0114,,11799837.0,6127137.0,42.37,3.94,35588996
앙골라,2022-04-02,99194.0,1900.0,0.58,0.0116,,,,42.37,3.94,35588996
앙골라,2022-04-03,99194.0,1900.0,0.49,0.0112,,,,42.37,3.94,35588996
앙골라,2022-04-04,99194.0,1900.0,0.41,0.0121,,,,42.37,3.94,35588996
앙골라,2022-04-05,99194.0,1900.0,0.34,0.0092,,,,42.37,3.94,35588996
앙골라,2022-04-06,99194.0,1900.0,0.29,0.0098,,,,42.37,3.94,35588996
앙골라,2022-04-07,99194.0,1900.0,0.25,0.0047,,,,42.37,3.94,35588996
앙골라,2022-04-08,99194.0,1900.0,0.21,0.0,,,,42.37,3.94,35588996
앙골라,2022-04-09,99194.0,1900.0,0.19,0.0,,,,42.37,3.94,35588996
앙골라,2022-04-10,99194.0,1900.0,0.16,0.0,,,,42.37,3.94,35588996
앙골라,2022-04-11,99194.0,1900.0,0.14,0.0,,,,42.37,3.94,35588996
앙골라,2022-04-12,99194.0,1900.0,0.11,0.0,,,,42.37,3.94,35588996
앙골라,2022-04-13,99274.0,1900.0,0.1,0.0,,,,42.37,3.94,35588996
앙골라,2022-04-14,99274.0,1900.0,0.09,0.0,,,,42.37,3.94,35588996
앙골라,2022-04-15,99287.0,1900.0,0.08,0.0,,,,42.37,3.94,35588996
앙골라,2022-04-16,99287.0,1900.0,0.08,0.0,,,,42.37,3.94,35588996
앙골라,2022-04-17,99287.0,1900.0,0.07,0.0,,,,42.37,3.94,35588996
앙골라,2022-04-18,99287.0,1900.0,0.07,0.0,,,,42.37,3.94,35588996
앙골라,2022-04-19,99287.0,1900.0,0.06,0.0058,,,,42.37,3.94,35588996
앙골라,2022-04-20,99287.0,1900.0,0.05,0.0058,,,,42.37,3.94,35588996
앙골라,2022-04-21,99287.0,1900.0,0.04,0.0058,,,,42.37,3.94,35588996
앙골라,2022-04-22,99287.0,1900.0,0.04,0.0058,,,,42.37,3.94,35588996
앙골라,2022-04-23,99287.0,1900.0,0.04,0.0058,,,,42.37,3.94,35588996
앙골라,2022-04-24,99318.0,1900.0,0.04,0.0058,,,,42.37,3.94,35588996
앙골라,2022-04-25,99318.0,1900.0,0.03,0.0058,,,,42.37,3.94,35588996
앙골라,2022-04-26,99323.0,1900.0,0.02,0.0,17896626.0,12059919.0,6327907.0,42.3,3.94,35588996
앙골라,2022-04-27,99323.0,1900.0,0.02,0.0,,,,42.3,3.94,35588996
앙골라,2022-04-28,99323.0,1900.0,0.02,0.0,,,,42.3,3.94,35588996
앙골라,2022-04-29,99323.0,1900.0,0.02,0.0,,,,42.3,3.94,35588996
앙골라,2022-04-30,99323.0,1900.0,0.02,0.0,,,,42.3,3.94,35588996
앙골라,2022-05-01,99323.0,1900.0,0.02,0.0,,,,42.3,3.94,35588996
앙골라,2022-05-02,99323.0,1900.0,0.02,0.0,,,,42.3,3.94,35588996
앙골라,2022-05-03,99323.0,1900.0,0.01,0.0,,,,43.29,3.94,35588996
앙골라,2022-05-04,99323.0,1900.0,0.01,0.0,,,,43.29,3.94,35588996
앙골라,2022-05-05,99323.0,1900.0,0.02,0.0,,,,43.29,3.94,35588996
앙골라,2022-05-06,99409.0,1900.0,0.02,0.0,,,,43.29,3.94,35588996
앙골라,2022-05-07,99413.0,1900.0,0.03,0.0,,,,43.29,3.94,35588996
앙골라,2022-05-08,99413.0,1900.0,0.03,0.0,,,,43.29,3.94,35588996
앙골라,2022-05-09,99414.0,1900.0,0.03,0.0,,,,43.29,3.94,35588996
앙골라,2022-05-10,99424.0,1900.0,0.03,0.0,,,,43.29,3.94,35588996
앙골라,2022-05-11,99433.0,1900.0,0.03,0.0,,,,43.29,3.94,35588996
앙골라,2022-05-12,99433.0,1900.0,0.04,0.0,,,,43.29,3.94,35588996
앙골라,2022-05-13,99433.0,1900.0,0.05,0.0,,,,43.29,3.94,35588996
앙골라,2022-05-14,99476.0,1900.0,0.07,0.0,,,,43.29,3.94,35588996
앙골라,2022-05-15,99481.0,1900.0,0.08,0.0,,,,43.29,3.94,35588996
앙골라,2022-05-16,99481.0,1900.0,0.09,0.0,,,,43.29,3.94,35588996
앙골라,2022-05-17,99481.0,1900.0,0.1,0.0,,,,43.29,3.94,35588996
앙골라,2022-05-18,99527.0,1900.0,0.12,0.0,,,,43.29,3.94,35588996
앙골라,2022-05-19,99527.0,1900.0,0.14,0.0,,,,43.29,3.94,35588996
앙골라,2022-05-20,99527.0,1900.0,0.17,0.0,,,,43.29,3.94,35588996
앙골라,2022-05-21,99527.0,1900.0,0.21,0.0,,,,43.29,3.94,35588996
앙골라,2022-05-22,99527.0,1900.0,0.24,0.0,18431807.0,12337467.0,6555241.0,43.25,3.94,35588996
앙골라,2022-05-23,99527.0,1900.0,0.29,0.0,,,,43.25,3.94,35588996
앙골라,2022-05-24,99671.0,1900.0,0.34,0.0092,,,,43.25,3.94,35588996
앙골라,2022-05-25,99710.0,1900.0,0.38,0.015,,,,43.25,3.94,35588996
앙골라,2022-05-26,99761.0,1900.0,0.33,0.015,,,,43.25,3.94,35588996
앙골라,2022-05-27,99761.0,1900.0,0.29,0.015,,,,43.25,3.94,35588996
앙골라,2022-05-28,99761.0,1900.0,0.25,0.015,,,,43.25,3.94,35588996
앙골라,2022-05-29,99761.0,1900.0,0.21,0.015,18956333.0,,,43.25,3.94,35588996
앙골라,2022-05-30,99839.0,1900.0,0.18,0.0345,,,,43.25,3.94,35588996
앙골라,2022-05-31,99839.0,1900.0,0.15,0.0285,,,,43.25,3.94,35588996
앙골라,2022-06-01,99839.0,1900.0,0.12,0.0251,,,,43.25,3.94,35588996
앙골라,2022-06-02,99839.0,1900.0,0.11,0.033,,,,43.25,3.94,35588996
앙골라,2022-06-03,99839.0,1900.0,0.09,,,,,43.25,3.94,35588996
앙골라,2022-06-04,99839.0,1900.0,0.08,,,,,43.25,3.94,35588996
앙골라,2022-06-05,99839.0,1900.0,0.07,,19486927.0,12700926.0,6811268.0,43.2,3.94,35588996
앙골라,2022-06-06,99839.0,1900.0,0.06,,,,,43.2,3.94,35588996
앙골라,2022-06-07,99839.0,1900.0,0.05,,,,,43.2,3.94,35588996
앙골라,2022-06-08,99839.0,1900.0,0.04,,,,,43.2,3.94,35588996
앙골라,2022-06-09,99839.0,1900.0,0.03,,,,,43.2,3.94,35588996
앙골라,2022-06-10,99839.0,1900.0,0.03,,,,,43.2,3.94,35588996
앙골라,2022-06-11,99839.0,1900.0,0.03,,,,,43.2,3.94,35588996
앙골라,2022-06-12,99839.0,1900.0,0.03,,,,,43.2,3.94,35588996
앙골라,2022-06-13,99839.0,1900.0,0.02,,,,,43.2,3.94,35588996
앙골라,2022-06-14,99839.0,1900.0,0.02,,,,,43.2,3.94,35588996
앙골라,2022-06-15,99839.0,1900.0,0.01,,,,,43.2,3.94,35588996
앙골라,2022-06-16,99839.0,1900.0,0.01,,,,,43.2,3.94,35588996
앙골라,2022-06-17,99839.0,1900.0,0.01,,,,,43.2,3.94,35588996
앙골라,2022-06-18,100775.0,1900.0,0.02,,,,,43.2,3.94,35588996
앙골라,2022-06-19,100826.0,1900.0,0.02,,,,,43.2,3.94,35588996
앙골라,2022-06-20,100837.0,1900.0,0.02,,,,,43.2,3.94,35588996
앙골라,2022-06-21,100853.0,1900.0,0.02,,,,,43.2,3.94,35588996
앙골라,2022-06-22,100952.0,1900.0,0.02,,,,,43.2,3.94,35588996
앙골라,2022-06-23,101089.0,1900.0,0.02,,,,,43.2,3.94,35588996
앙골라,2022-06-24,101173.0,1900.0,0.02,,,,,28.39,3.94,35588996
앙골라,2022-06-25,101226.0,1900.0,0.03,,,,,28.39,3.94,35588996
앙골라,2022-06-26,101257.0,1900.0,0.03,,20397115.0,13153694.0,7127231.0,28.33,3.94,35588996
앙골라,2022-06-27,101271.0,1900.0,0.03,,,,,28.33,3.94,35588996
앙골라,2022-06-28,101320.0,1900.0,0.04,,,,,28.33,3.94,35588996
앙골라,2022-06-29,101320.0,1900.0,0.05,,,,,28.33,3.94,35588996
앙골라,2022-06-30,101320.0,1900.0,0.06,,,,,28.33,3.94,35588996
앙골라,2022-07-01,101501.0,1900.0,0.07,,,,,28.33,3.94,35588996
앙골라,2022-07-02,101581.0,1900.0,0.08,,,,,28.33,3.94,35588996
앙골라,2022-07-03,101600.0,1900.0,0.1,,20701915.0,13275026.0,7226565.0,28.31,3.94,35588996
앙골라,2022-07-04,101656.0,1900.0,0.11,,,,,28.31,3.94,35588996
앙골라,2022-07-05,101681.0,1900.0,0.14,,,,,28.31,3.94,35588996
앙골라,2022-07-06,101752.0,1900.0,0.16,,,,,28.31,3.94,35588996
앙골라,2022-07-07,101833.0,1900.0,0.19,,,,,28.31,3.94,35588996
앙골라,2022-07-08,101901.0,1909.0,0.22,,,,,28.31,3.94,35588996
앙골라,2022-07-09,101948.0,1909.0,0.27,,,,,28.31,3.94,35588996
앙골라,2022-07-10,101983.0,1909.0,0.32,,,,,28.31,3.94,35588996
앙골라,2022-07-11,102004.0,1909.0,0.37,,,,,28.31,3.94,35588996
앙골라,2022-07-12,102047.0,1909.0,0.44,,,,,28.31,3.94,35588996
앙골라,2022-07-13,102092.0,1911.0,0.52,,,,,28.31,3.94,35588996
앙골라,2022-07-14,102132.0,1911.0,0.61,,,,,28.31,3.94,35588996
앙골라,2022-07-15,102209.0,1912.0,0.71,,,,,28.31,3.94,35588996
앙골라,2022-07-16,102209.0,1912.0,0.7,,,,,28.31,3.94,35588996
앙골라,2022-07-17,102209.0,1912.0,0.69,,21099865.0,13507932.0,7393934.0,28.28,3.94,35588996
앙골라,2022-07-18,102264.0,1912.0,0.71,,,,,28.28,3.94,35588996
앙골라,2022-07-19,102301.0,1912.0,0.62,,,,,28.28,3.94,35588996
앙골라,2022-07-20,102301.0,1912.0,0.55,,,,,28.28,3.94,35588996
앙골라,2022-07-21,102301.0,1912.0,0.49,,,,,28.28,3.94,35588996
앙골라,2022-07-22,102301.0,1912.0,0.45,,,,,28.28,3.94,35588996
앙골라,2022-07-23,102301.0,1912.0,0.39,,,,,28.28,3.94,35588996
앙골라,2022-07-24,102301.0,1912.0,0.33,,21323036.0,13639803.0,7478983.0,28.27,3.94,35588996
앙골라,2022-07-25,102301.0,1912.0,0.28,,,,,28.27,3.94,35588996
앙골라,2022-07-26,102301.0,1912.0,0.24,,,,,28.27,3.94,35588996
앙골라,2022-07-27,102475.0,1916.0,0.21,,,,,28.27,3.94,35588996
앙골라,2022-07-28,102475.0,1916.0,0.18,,,,,28.27,3.94,35588996
앙골라,2022-07-29,102475.0,1916.0,0.15,,,,,28.27,3.94,35588996
앙골라,2022-07-30,102475.0,1916.0,0.14,,,,,28.27,3.94,35588996
앙골라,2022-07-31,102475.0,1916.0,0.12,,,,,28.27,3.94,35588996
앙골라,2022-08-01,102570.0,1917.0,0.1,,,,,28.27,3.94,35588996
앙골라,2022-08-02,102570.0,1917.0,0.1,,,,,28.27,3.94,35588996
앙골라,2022-08-03,102570.0,1917.0,0.09,,,,,28.27,3.94,35588996
앙골라,2022-08-04,102636.0,1917.0,0.08,,,,,28.27,3.94,35588996
앙골라,2022-08-05,102636.0,1917.0,0.08,,,,,28.27,3.94,35588996
앙골라,2022-08-06,102636.0,1917.0,0.07,,,,,28.27,3.94,35588996
앙골라,2022-08-07,102636.0,1917.0,0.06,,21623361.0,13908654.0,7638251.0,28.24,3.94,35588996
앙골라,2022-08-08,102743.0,1917.0,0.05,,,,,28.24,3.94,35588996
앙골라,2022-08-09,102743.0,1917.0,0.05,,,,,28.24,3.94,35588996
앙골라,2022-08-10,102743.0,1917.0,0.04,,,,,28.24,3.94,35588996
앙골라,2022-08-11,102743.0,1917.0,0.03,,,,,28.24,3.94,35588996
앙골라,2022-08-12,102743.0,1917.0,0.02,,,,,28.24,3.94,35588996
앙골라,2022-08-13,102743.0,1917.0,0.02,,,,,28.24,3.94,35588996
앙골라,2022-08-14,102743.0,1917.0,0.02,,21991698.0,14037784.0,7713554.0,28.23,3.94,35588996
앙골라,2022-08-15,102925.0,1917.0,0.02,,,,,28.23,3.94,35588996
앙골라,2022-08-16,102925.0,1917.0,0.02,,,,,28.23,3.94,35588996
앙골라,2022-08-17,102925.0,1917.0,0.01,,,,,28.23,3.94,35588996
앙골라,2022-08-18,102925.0,1917.0,0.01,,,,,28.23,3.94,35588996
앙골라,2022-08-19,102925.0,1917.0,0.01,,,,,28.23,3.94,35588996
앙골라,2022-08-20,102925.0,1917.0,0.01,,,,,28.23,3.94,35588996
앙골라,2022-08-21,102925.0,1917.0,0.01,,22120543.0,,,28.23,3.94,35588996
앙골라,2022-08-22,103022.0,1917.0,0.01,,,,,28.23,3.94,35588996
앙골라,2022-08-23,103022.0,1917.0,0.01,,,,,28.23,3.94,35588996
앙골라,2022-08-24,103022.0,1917.0,0.0,,,,,28.23,3.94,35588996
앙골라,2022-08-25,103022.0,1917.0,0.0,,,,,28.23,3.94,35588996
앙골라,2022-08-26,103022.0,1917.0,0.0,,,,,28.23,3.94,35588996
앙골라,2022-08-27,103022.0,1917.0,0.01,,,,,28.23,3.94,35588996
앙골라,2022-08-28,103022.0,1917.0,0.0,,22226535.0,14195788.0,7795780.0,28.21,3.94,35588996
앙골라,2022-08-29,103092.0,1917.0,0.0,,,,,28.21,3.94,35588996
앙골라,2022-08-30,103092.0,1917.0,0.0,,,,,28.21,3.94,35588996
앙골라,2022-08-31,103092.0,1917.0,0.0,,,,,28.21,3.94,35588996
앙골라,2022-09-01,103092.0,1917.0,0.0,,,,,28.21,3.94,35588996
앙골라,2022-09-02,103092.0,1917.0,0.0,,,,,28.21,3.94,35588996
앙골라,2022-09-03,103092.0,1917.0,0.0,,,,,28.21,3.94,35588996
앙골라,2022-09-04,103129.0,1917.0,0.01,,22297104.0,14220830.0,7814121.0,28.21,3.94,35588996
앙골라,2022-09-05,103129.0,1917.0,0.0,,,,,28.21,3.94,35588996
앙골라,2022-09-06,103131.0,1917.0,0.0,,,,,28.21,3.94,35588996
앙골라,2022-09-07,103131.0,1917.0,0.0,,,,,28.21,3.94,35588996
앙골라,2022-09-08,103131.0,1917.0,0.0,,,,,28.21,3.94,35588996
앙골라,2022-09-09,103131.0,1917.0,0.01,,,,,28.21,3.94,35588996
앙골라,2022-09-10,103131.0,1917.0,0.01,,,,,28.21,3.94,35588996
앙골라,2022-09-11,103131.0,1917.0,0.01,,,,,28.21,3.94,35588996
앙골라,2022-09-12,103131.0,1917.0,0.0,,,,,28.21,3.94,35588996
앙골라,2022-09-13,103131.0,1917.0,0.0,,,,,28.21,3.94,35588996
앙골라,2022-09-14,103131.0,1917.0,0.0,,,,,28.21,3.94,35588996
앙골라,2022-09-15,103131.0,1917.0,0.0,,,,,28.21,3.94,35588996
앙골라,2022-09-16,103131.0,1917.0,0.0,,,,,28.21,3.94,35588996
앙골라,2022-09-17,103131.0,1917.0,0.0,,,,,28.21,3.94,35588996
앙골라,2022-09-18,103131.0,1917.0,0.0,,,,,28.21,3.94,35588996
앙골라,2022-09-19,103131.0,1917.0,0.0,,,,,28.21,3.94,35588996
앙골라,2022-09-20,103131.0,1917.0,0.0,,,,,28.21,3.94,35588996
앙골라,2022-09-21,103131.0,1917.0,0.0,,,,,28.21,3.94,35588996
앙골라,2022-09-22,103131.0,1917.0,0.0,,,,,28.21,3.94,35588996
앙골라,2022-09-23,103131.0,1917.0,0.0,,,,,28.21,3.94,35588996
앙골라,2022-09-24,103131.0,1917.0,0.0,,,,,28.21,3.94,35588996
앙골라,2022-09-25,103131.0,1917.0,0.0,,,,,28.21,3.94,35588996
앙골라,2022-09-26,103230.0,1917.0,0.0,,,,,22.65,3.94,35588996
앙골라,2022-09-27,103230.0,1917.0,0.0,,,,,22.65,3.94,35588996
앙골라,2022-09-28,103230.0,1917.0,0.0,,,,,22.65,3.94,35588996
앙골라,2022-09-29,103230.0,1917.0,0.0,,,,,22.65,3.94,35588996
앙골라,2022-09-30,103230.0,1917.0,0.0,,,,,22.65,3.94,35588996
앙골라,2022-10-01,103230.0,1917.0,0.0,,,,,22.65,3.94,35588996
앙골라,2022-10-02,103230.0,1917.0,0.0,,22624179.0,14220830.0,7814121.0,22.65,3.94,35588996
앙골라,2022-10-03,103257.0,1917.0,0.0,,,,,22.65,3.94,35588996
앙골라,2022-10-04,103257.0,1917.0,0.0,,,,,22.65,3.94,35588996
앙골라,2022-10-05,103257.0,1917.0,0.0,,,,,22.65,3.94,35588996
앙골라,2022-10-06,103257.0,1917.0,0.0,,,,,22.65,3.94,35588996
앙골라,2022-10-07,103257.0,1917.0,0.0,,,,,22.65,3.94,35588996
앙골라,2022-10-08,103257.0,1917.0,0.0,,,,,22.65,3.94,35588996
앙골라,2022-10-09,103257.0,1917.0,0.0,,22696229.0,14220830.0,7814121.0,22.65,3.94,35588996
앙골라,2022-10-10,103299.0,1917.0,0.0,,,,,22.65,3.94,35588996
앙골라,2022-10-11,103299.0,1917.0,0.0,,,,,22.65,3.94,35588996
앙골라,2022-10-12,103299.0,1917.0,0.0,,,,,22.65,3.94,35588996
앙골라,2022-10-13,103299.0,1917.0,0.0,,,,,22.65,3.94,35588996
앙골라,2022-10-14,103299.0,1917.0,0.0,,,,,22.65,3.94,35588996
앙골라,2022-10-15,103299.0,1917.0,0.0,,,,,22.65,3.94,35588996
앙골라,2022-10-16,103299.0,1917.0,0.0,,22814412.0,14220830.0,7814121.0,22.65,3.94,35588996
앙골라,2022-10-17,103414.0,1917.0,0.0,,,,,22.65,3.94,35588996
앙골라,2022-10-18,103414.0,1917.0,0.0,,,,,22.65,3.94,35588996
앙골라,2022-10-19,103414.0,1917.0,-0.01,,,,,22.65,3.94,35588996
앙골라,2022-10-20,103414.0,1917.0,0.0,,,,,22.65,3.94,35588996
앙골라,2022-10-21,103414.0,1917.0,0.0,,,,,22.65,3.94,35588996
앙골라,2022-10-22,103414.0,1917.0,0.0,,,,,22.65,3.94,35588996
앙골라,2022-10-23,103414.0,1917.0,0.0,,22916368.0,14220830.0,7814121.0,22.65,3.94,35588996
앙골라,2022-10-24,103598.0,1917.0,0.0,,,,,22.65,3.94,35588996
앙골라,2022-10-25,103598.0,1917.0,0.0,,,,,22.65,3.94,35588996
앙골라,2022-10-26,103598.0,1917.0,-0.01,,,,,22.65,3.94,35588996
앙골라,2022-10-27,103598.0,1917.0,0.0,,,,,22.65,3.94,35588996
앙골라,2022-10-28,103598.0,1917.0,0.0,,,,,22.65,3.94,35588996
앙골라,2022-10-29,103598.0,1917.0,0.01,,,,,22.65,3.94,35588996
앙골라,2022-10-30,103598.0,1917.0,0.01,,22990789.0,14220830.0,7814121.0,22.65,3.94,35588996
앙골라,2022-10-31,103948.0,1918.0,0.0,,,,,22.65,3.94,35588996
앙골라,2022-11-01,103948.0,1918.0,0.0,,,,,22.65,3.94,35588996
앙골라,2022-11-02,103948.0,1918.0,0.0,,,,,22.65,3.94,35588996
앙골라,2022-11-03,103948.0,1918.0,0.01,,,,,22.65,3.94,35588996
앙골라,2022-11-04,103948.0,1918.0,0.01,,,,,22.65,3.94,35588996
앙골라,2022-11-05,103948.0,1918.0,0.02,,,,,22.65,3.94,35588996
앙골라,2022-11-06,103948.0,1918.0,0.02,,,,,22.65,3.94,35588996
앙골라,2022-11-07,103948.0,1918.0,0.02,,,,,22.65,3.94,35588996
앙골라,2022-11-08,104227.0,1921.0,0.02,,,,,22.65,3.94,35588996
앙골라,2022-11-09,104227.0,1921.0,0.01,,,,,22.65,3.94,35588996
앙골라,2022-11-10,104227.0,1921.0,0.02,,,,,22.65,3.94,35588996
앙골라,2022-11-11,104227.0,1921.0,0.03,,,,,22.65,3.94,35588996
앙골라,2022-11-12,104227.0,1921.0,0.04,,,,,22.65,3.94,35588996
앙골라,2022-11-13,104227.0,1921.0,0.05,,23173235.0,14220830.0,7814121.0,22.65,3.94,35588996
앙골라,2022-11-14,104346.0,1922.0,0.05,,,,,22.65,3.94,35588996
앙골라,2022-11-15,104346.0,1922.0,0.05,,,,,22.65,3.94,35588996
앙골라,2022-11-16,104346.0,1922.0,0.05,,,,,22.65,3.94,35588996
앙골라,2022-11-17,104346.0,1922.0,0.07,,,,,22.65,3.94,35588996
앙골라,2022-11-18,104346.0,1922.0,0.1,,,,,22.65,3.94,35588996
앙골라,2022-11-19,104346.0,1922.0,0.12,,,,,22.65,3.94,35588996
앙골라,2022-11-20,104486.0,1923.0,0.13,,23229526.0,14220830.0,7814121.0,22.65,3.94,35588996
앙골라,2022-11-21,104491.0,1923.0,0.15,,,,,22.65,3.94,35588996
앙골라,2022-11-22,104528.0,1923.0,0.17,,,,,22.65,3.94,35588996
앙골라,2022-11-23,104582.0,1924.0,0.19,,,,,22.65,3.94,35588996
앙골라,2022-11-24,104582.0,1924.0,0.21,,,,,22.65,3.94,35588996
앙골라,2022-11-25,104640.0,1924.0,0.23,,,,,22.65,3.94,35588996
앙골라,2022-11-26,104652.0,1924.0,0.25,,,,,22.65,3.94,35588996
앙골라,2022-11-27,104659.0,1924.0,0.28,,23335624.0,14220830.0,7814121.0,22.65,3.94,35588996
앙골라,2022-11-28,104676.0,1924.0,0.3,,,,,22.65,3.94,35588996
앙골라,2022-11-29,104750.0,1925.0,0.33,,,,,17.1,3.94,35588996
앙골라,2022-11-30,104750.0,1925.0,0.36,,,,,17.1,3.94,35588996
앙골라,2022-12-01,104808.0,1925.0,0.37,,,,,17.1,3.94,35588996
앙골라,2022-12-02,104808.0,1925.0,0.38,,,,,17.1,3.94,35588996
앙골라,2022-12-03,104808.0,1925.0,0.4,,,,,17.1,3.94,35588996
앙골라,2022-12-04,104808.0,1925.0,0.42,,23468138.0,14887847.0,8193976.0,17.03,3.94,35588996
앙골라,2022-12-05,104857.0,1926.0,0.45,,,,,17.03,3.94,35588996
앙골라,2022-12-06,104857.0,1926.0,0.45,,,,,17.03,3.94,35588996
앙골라,2022-12-07,104857.0,1926.0,0.45,,,,,17.03,3.94,35588996
앙골라,2022-12-08,104896.0,1926.0,0.47,,,,,17.03,3.94,35588996
앙골라,2022-12-09,104925.0,1927.0,0.49,,,,,17.03,3.94,35588996
앙골라,2022-12-10,104940.0,1928.0,0.51,,,,,17.03,3.94,35588996
앙골라,2022-12-11,104946.0,1928.0,0.55,,,,,17.03,3.94,35588996
앙골라,2022-12-12,104946.0,1928.0,0.59,,,,,17.03,3.94,35588996
앙골라,2022-12-13,104973.0,1928.0,0.65,,,,,17.03,3.94,35588996
앙골라,2022-12-14,104989.0,1928.0,0.72,,,,,17.03,3.94,35588996
앙골라,2022-12-15,104989.0,1928.0,0.64,,,,,17.03,3.94,35588996
앙골라,2022-12-16,104989.0,1928.0,0.57,,,,,17.03,3.94,35588996
앙골라,2022-12-17,105026.0,1928.0,0.51,,,,,17.03,3.94,35588996
앙골라,2022-12-18,105034.0,1928.0,0.46,,23701049.0,14990131.0,8253873.0,17.02,3.94,35588996
앙골라,2022-12-19,105034.0,1928.0,0.42,,,,,17.02,3.94,35588996
앙골라,2022-12-20,105043.0,1928.0,0.39,,,,,17.02,3.94,35588996
앙골라,2022-12-21,105056.0,1929.0,0.35,,,,,17.02,3.94,35588996
앙골라,2022-12-22,105064.0,1929.0,0.32,,,,,17.02,3.94,35588996
앙골라,2022-12-23,105070.0,1929.0,0.28,,,,,17.02,3.94,35588996
앙골라,2022-12-24,105070.0,1929.0,0.24,,,,,17.02,3.94,35588996
앙골라,2022-12-25,105070.0,1929.0,0.21,,,,,17.02,3.94,35588996
앙골라,2022-12-26,105070.0,1929.0,0.17,,,,,17.02,3.94,35588996
앙골라,2022-12-27,105095.0,1930.0,0.14,,,,,17.02,3.94,35588996
앙골라,2022-12-28,105095.0,1930.0,0.11,,,,,17.02,3.94,35588996
앙골라,2022-12-29,105095.0,1930.0,0.12,,,,,17.02,3.94,35588996
앙골라,2022-12-30,105095.0,1930.0,0.13,,,,,17.02,3.94,35588996
앙골라,2022-12-31,105095.0,1930.0,0.13,,,,,17.02,3.94,35588996
앙골라,2023-01-01,105095.0,1930.0,0.13,,23893345.0,15079129.0,8306664.0,,3.94,35588996
앙골라,2023-01-02,105095.0,1930.0,0.13,,,,,,3.94,35588996
앙골라,2023-01-03,105118.0,1931.0,,,,,,,3.94,35588996
앙골라,2023-01-04,105118.0,1931.0,,,,,,,3.94,35588996
앙골라,2023-01-05,105118.0,1931.0,,,,,,,3.94,35588996
앙골라,2023-01-06,105118.0,1931.0,,,,,,,3.94,35588996
앙골라,2023-01-07,105140.0,1931.0,,,,,,,3.94,35588996
앙골라,2023-01-08,105140.0,1931.0,,,,,,,3.94,35588996
앙골라,2023-01-09,105140.0,1931.0,,,,,,,3.94,35588996
앙골라,2023-01-10,105147.0,1931.0,,,,,,,3.94,35588996
앙골라,2023-01-11,105147.0,1931.0,,,,,,,3.94,35588996
앙골라,2023-01-12,105147.0,1931.0,,,,,,,3.94,35588996
앙골라,2023-01-13,105147.0,1931.0,,,,,,,3.94,35588996
앙골라,2023-01-14,105161.0,1931.0,,,,,,,3.94,35588996
앙골라,2023-01-15,105161.0,1931.0,,,,,,,3.94,35588996
앙골라,2023-01-16,105161.0,1931.0,,,,,,,3.94,35588996
앙골라,2023-01-17,105170.0,1931.0,,,,,,,3.94,35588996
앙골라,2023-01-18,105170.0,1931.0,,,,,,,3.94,35588996
앙골라,2023-01-19,105170.0,1931.0,,,,,,,3.94,35588996
앙골라,2023-01-20,105170.0,1931.0,,,,,,,3.94,35588996
앙골라,2023-01-21,105183.0,1931.0,,,,,,,3.94,35588996
앙골라,2023-01-22,105183.0,1931.0,,,,,,,3.94,35588996
앙골라,2023-01-23,105183.0,1931.0,,,,,,,3.94,35588996
앙골라,2023-01-24,105184.0,1931.0,,,,,,,3.94,35588996
앙골라,2023-01-25,105184.0,1931.0,,,,,,,3.94,35588996
앙골라,2023-01-26,105184.0,1931.0,,,,,,,3.94,35588996
앙골라,2023-01-27,105184.0,1931.0,,,,,,,3.94,35588996
앙골라,2023-01-28,105184.0,1931.0,,,,,,,3.94,35588996
앙골라,2023-01-29,105184.0,1931.0,,,,,,,3.94,35588996
앙골라,2023-01-30,105184.0,1931.0,,,,,,,3.94,35588996
앙골라,2023-01-31,105205.0,1931.0,,,,,,,3.94,35588996
앙골라,2023-02-01,105205.0,1931.0,,,,,,,3.94,35588996
앙골라,2023-02-02,105205.0,1931.0,,,,,,,3.94,35588996
앙골라,2023-02-03,105205.0,1931.0,,,,,,,3.94,35588996
앙골라,2023-02-04,105205.0,1931.0,,,,,,,3.94,35588996
앙골라,2023-02-05,105205.0,1931.0,,,,,,,3.94,35588996
앙골라,2023-02-06,105205.0,1931.0,,,,,,,3.94,35588996
앙골라,2023-02-07,105224.0,1932.0,,,,,,,3.94,35588996
앙골라,2023-02-08,105224.0,1932.0,,,,,,,3.94,35588996
앙골라,2023-02-09,105224.0,1932.0,,,,,,,3.94,35588996
앙골라,2023-02-10,105224.0,1932.0,,,,,,,3.94,35588996
앙골라,2023-02-11,105224.0,1932.0,,,,,,,3.94,35588996
앙골라,2023-02-12,105224.0,1932.0,,,,,,,3.94,35588996
앙골라,2023-02-13,105224.0,1932.0,,,,,,,3.94,35588996
앙골라,2023-02-14,105243.0,1932.0,,,,,,,3.94,35588996
앙골라,2023-02-15,105243.0,1932.0,,,,,,,3.94,35588996
앙골라,2023-02-16,105243.0,1932.0,,,,,,,3.94,35588996
앙골라,2023-02-17,105243.0,1932.0,,,,,,,3.94,35588996
앙골라,2023-02-18,105243.0,1932.0,,,,,,,3.94,35588996
앙골라,2023-02-19,105243.0,1932.0,,,24174309.0,15198308.0,8402805.0,,3.94,35588996
앙골라,2023-02-20,105243.0,1932.0,,,,,,,3.94,35588996
앙골라,2023-02-21,105255.0,1933.0,,,,,,,3.94,35588996
앙골라,2023-02-22,105255.0,1933.0,,,,,,,3.94,35588996
앙골라,2023-02-23,105255.0,1933.0,,,,,,,3.94,35588996
앙골라,2023-02-24,105255.0,1933.0,,,,,,,3.94,35588996
앙골라,2023-02-25,105255.0,1933.0,,,,,,,3.94,35588996
앙골라,2023-02-26,105255.0,1933.0,,,24502287.0,15349780.0,8504173.0,,3.94,35588996
앙골라,2023-02-27,105255.0,1933.0,,,,,,,3.94,35588996
앙골라,2023-02-28,105277.0,1933.0,,,,,,,3.94,35588996
앙골라,2023-03-01,105277.0,1933.0,,,,,,,3.94,35588996
앙골라,2023-03-02,105277.0,1933.0,,,,,,,3.94,35588996
앙골라,2023-03-03,105277.0,1933.0,,,,,,,3.94,35588996
앙골라,2023-03-04,105277.0,1933.0,,,,,,,3.94,35588996
앙골라,2023-03-05,105277.0,1933.0,,,24593241.0,15349780.0,8504173.0,,3.94,35588996
앙골라,2023-03-06,105277.0,1933.0,,,,,,,3.94,35588996
앙골라,2023-03-07,105288.0,1933.0,,,,,,,3.94,35588996
앙골라,2023-03-08,105288.0,1933.0,,,,,,,3.94,35588996
앙골라,2023-03-09,105288.0,1933.0,,,,,,,3.94,35588996
앙골라,2023-03-10,105288.0,1933.0,,,,,,,3.94,35588996
앙골라,2023-03-11,105288.0,1933.0,,,,,,,3.94,35588996
앙골라,2023-03-12,105288.0,1933.0,,,24693066.0,15431613.0,8575895.0,,3.94,35588996
앙골라,2023-03-13,105288.0,1933.0,,,,,,,3.94,35588996
앙골라,2023-03-14,105298.0,1933.0,,,,,,,3.94,35588996
앙골라,2023-03-15,105298.0,1933.0,,,,,,,3.94,35588996
앙골라,2023-03-16,105298.0,1933.0,,,,,,,3.94,35588996
앙골라,2023-03-17,105298.0,1933.0,,,,,,,3.94,35588996
앙골라,2023-03-18,105298.0,1933.0,,,,,,,3.94,35588996
앙골라,2023-03-19,105298.0,1933.0,,,24798317.0,15477545.0,8610500.0,,3.94,35588996
앙골라,2023-03-20,105298.0,1933.0,,,,,,,3.94,35588996
앙골라,2023-03-21,105316.0,1933.0,,,,,,,3.94,35588996
앙골라,2023-03-22,105316.0,1933.0,,,,,,,3.94,35588996
앙골라,2023-03-23,105316.0,1933.0,,,,,,,3.94,35588996
앙골라,2023-03-24,105316.0,1933.0,,,,,,,3.94,35588996
앙골라,2023-03-25,105316.0,1933.0,,,,,,,3.94,35588996
앙골라,2023-03-26,105316.0,1933.0,,,24867841.0,15510800.0,8631439.0,,3.94,35588996
앙골라,2023-03-27,105316.0,1933.0,,,,,,,3.94,35588996
앙골라,2023-03-28,105323.0,1933.0,,,,,,,3.94,35588996
앙골라,2023-03-29,105323.0,1933.0,,,,,,,3.94,35588996
앙골라,2023-03-30,105323.0,1933.0,,,,,,,3.94,35588996
앙골라,2023-03-31,105323.0,1933.0,,,,,,,3.94,35588996
앙골라,2023-04-01,105331.0,1934.0,,,,,,,3.94,35588996
앙골라,2023-04-02,105331.0,1934.0,,,24954699.0,15552099.0,8654608.0,,3.94,35588996
앙골라,2023-04-03,105331.0,1934.0,,,,,,,3.94,35588996
앙골라,2023-04-04,105331.0,1934.0,,,,,,,3.94,35588996
앙골라,2023-04-05,105331.0,1934.0,,,,,,,3.94,35588996
앙골라,2023-04-06,105344.0,1934.0,,,,,,,3.94,35588996
앙골라,2023-04-07,105344.0,1934.0,,,,,,,3.94,35588996
앙골라,2023-04-08,105344.0,1934.0,,,,,,,3.94,35588996
앙골라,2023-04-09,105344.0,1934.0,,,25042414.0,15590125.0,8684976.0,,3.94,35588996
앙골라,2023-04-10,105344.0,1934.0,,,,,,,3.94,35588996
앙골라,2023-04-11,105353.0,1934.0,,,,,,,3.94,35588996
앙골라,2023-04-12,105353.0,1934.0,,,,,,,3.94,35588996
앙골라,2023-04-13,105353.0,1934.0,,,,,,,3.94,35588996
앙골라,2023-04-14,105353.0,1934.0,,,,,,,3.94,35588996
앙골라,2023-04-15,105353.0,1934.0,,,,,,,3.94,35588996
앙골라,2023-04-16,105353.0,1934.0,,,25124187.0,15623521.0,8715912.0,,3.94,35588996
앙골라,2023-04-17,105353.0,1934.0,,,,,,,3.94,35588996
앙골라,2023-04-18,105384.0,1934.0,,,,,,,3.94,35588996
앙골라,2023-04-19,105384.0,1934.0,,,,,,,3.94,35588996
앙골라,2023-04-20,105384.0,1934.0,,,,,,,3.94,35588996
앙골라,2023-04-21,105384.0,1934.0,,,,,,,3.94,35588996
앙골라,2023-04-22,105384.0,1934.0,,,,,,,3.94,35588996
앙골라,2023-04-23,105384.0,1934.0,,,25221589.0,15670433.0,8750023.0,,3.94,35588996
앙골라,2023-04-24,105384.0,1934.0,,,,,,,3.94,35588996
앙골라,2023-04-25,105384.0,1934.0,,,,,,,3.94,35588996
앙골라,2023-04-26,105384.0,1934.0,,,,,,,3.94,35588996
앙골라,2023-04-27,105384.0,1934.0,,,,,,,3.94,35588996
앙골라,2023-04-28,105384.0,1934.0,,,,,,,3.94,35588996
앙골라,2023-04-29,105384.0,1934.0,,,,,,,3.94,35588996
앙골라,2023-04-30,105384.0,1934.0,,,25316586.0,15708883.0,8787086.0,,3.94,35588996
앙골라,2023-05-01,105561.0,1936.0,,,,,,,3.94,35588996
앙골라,2023-05-02,105561.0,1936.0,,,,,,,3.94,35588996
앙골라,2023-05-03,105561.0,1936.0,,,,,,,3.94,35588996
앙골라,2023-05-04,105561.0,1936.0,,,,,,,3.94,35588996
앙골라,2023-05-05,105561.0,1936.0,,,,,,,3.94,35588996
앙골라,2023-05-06,105561.0,1936.0,,,,,,,3.94,35588996
앙골라,2023-05-07,105561.0,1936.0,,,25402678.0,15745756.0,8821410.0,,3.94,35588996
앙골라,2023-05-08,105681.0,1936.0,,,,,,,3.94,35588996
앙골라,2023-05-09,105681.0,1936.0,,,,,,,3.94,35588996
앙골라,2023-05-10,105681.0,1936.0,,,,,,,3.94,35588996
앙골라,2023-05-11,105681.0,1936.0,,,,,,,3.94,35588996
앙골라,2023-05-12,105681.0,1936.0,,,,,,,3.94,35588996
앙골라,2023-05-13,105681.0,1936.0,,,,,,,3.94,35588996
앙골라,2023-05-14,105681.0,1936.0,,,,,,,3.94,35588996
앙골라,2023-05-15,105770.0,1936.0,,,,,,,3.94,35588996
앙골라,2023-05-16,105770.0,1936.0,,,,,,,3.94,35588996
앙골라,2023-05-17,105770.0,1936.0,,,,,,,3.94,35588996
앙골라,2023-05-18,105770.0,1936.0,,,,,,,3.94,35588996
앙골라,2023-05-19,105770.0,1936.0,,,,,,,3.94,35588996
앙골라,2023-05-20,105770.0,1936.0,,,,,,,3.94,35588996
앙골라,2023-05-21,105770.0,1936.0,,,25552936.0,15745756.0,8821410.0,,3.94,35588996
앙골라,2023-05-22,105819.0,1936.0,,,,,,,3.94,35588996
앙골라,2023-05-23,105819.0,1936.0,,,,,,,3.94,35588996
앙골라,2023-05-24,105819.0,1936.0,,,,,,,3.94,35588996
앙골라,2023-05-25,105819.0,1936.0,,,,,,,3.94,35588996
앙골라,2023-05-26,105819.0,1936.0,,,,,,,3.94,35588996
앙골라,2023-05-27,105819.0,1936.0,,,,,,,3.94,35588996
앙골라,2023-05-28,105819.0,1936.0,,,,,,,3.94,35588996
앙골라,2023-05-29,105851.0,1936.0,,,,,,,3.94,35588996
앙골라,2023-05-30,105851.0,1936.0,,,,,,,3.94,35588996
앙골라,2023-05-31,105851.0,1936.0,,,,,,,3.94,35588996
앙골라,2023-06-01,105851.0,1936.0,,,,,,,3.94,35588996
앙골라,2023-06-02,105851.0,1936.0,,,,,,,3.94,35588996
앙골라,2023-06-03,105851.0,1936.0,,,,,,,3.94,35588996
앙골라,2023-06-04,105851.0,1936.0,,,,,,,3.94,35588996
앙골라,2023-06-05,105884.0,1936.0,,,,,,,3.94,35588996
앙골라,2023-06-06,105884.0,1936.0,,,,,,,3.94,35588996
앙골라,2023-06-07,105884.0,1936.0,,,,,,,3.94,35588996
앙골라,2023-06-08,105884.0,1936.0,,,,,,,3.94,35588996
앙골라,2023-06-09,105884.0,1936.0,,,,,,,3.94,35588996
앙골라,2023-06-10,105884.0,1936.0,,,,,,,3.94,35588996
앙골라,2023-06-11,105884.0,1936.0,,,,,,,3.94,35588996
앙골라,2023-06-12,105897.0,1936.0,,,,,,,3.94,35588996
앙골라,2023-06-13,105897.0,1936.0,,,,,,,3.94,35588996
앙골라,2023-06-14,105897.0,1936.0,,,,,,,3.94,35588996
앙골라,2023-06-15,105897.0,1936.0,,,,,,,3.94,35588996
앙골라,2023-06-16,105897.0,1936.0,,,,,,,3.94,35588996
앙골라,2023-06-17,105897.0,1936.0,,,,,,,3.94,35588996
앙골라,2023-06-18,105897.0,1936.0,,,25962530.0,15980639.0,9010599.0,,3.94,35588996
앙골라,2023-06-19,105904.0,1936.0,,,,,,,3.94,35588996
앙골라,2023-06-20,105904.0,1936.0,,,,,,,3.94,35588996
앙골라,2023-06-21,105904.0,1936.0,,,,,,,3.94,35588996
앙골라,2023-06-22,105904.0,1936.0,,,,,,,3.94,35588996
앙골라,2023-06-23,105904.0,1936.0,,,,,,,3.94,35588996
앙골라,2023-06-24,105904.0,1936.0,,,,,,,3.94,35588996
앙골라,2023-06-25,105904.0,1936.0,,,,,,,3.94,35588996
앙골라,2023-06-26,105906.0,1936.0,,,,,,,3.94,35588996
앙골라,2023-06-27,105906.0,1936.0,,,,,,,3.94,35588996
앙골라,2023-06-28,105906.0,1936.0,,,,,,,3.94,35588996
앙골라,2023-06-29,105906.0,1936.0,,,,,,,3.94,35588996
앙골라,2023-06-30,105906.0,1936.0,,,,,,,3.94,35588996
앙골라,2023-07-01,105906.0,1936.0,,,,,,,3.94,35588996
앙골라,2023-07-02,105906.0,1936.0,,,,,,,3.94,35588996
앙골라,2023-07-03,105921.0,1936.0,,,,,,,3.94,35588996
앙골라,2023-07-04,105921.0,1936.0,,,,,,,3.94,35588996
앙골라,2023-07-05,105921.0,1936.0,,,,,,,3.94,35588996
앙골라,2023-07-06,105921.0,1936.0,,,,,,,3.94,35588996
앙골라,2023-07-07,105921.0,1936.0,,,,,,,3.94,35588996
앙골라,2023-07-08,105921.0,1936.0,,,,,,,3.94,35588996
앙골라,2023-07-09,105921.0,1936.0,,,,,,,3.94,35588996
앙골라,2023-07-10,105925.0,1936.0,,,,,,,3.94,35588996
앙골라,2023-07-11,105925.0,1936.0,,,,,,,3.94,35588996
앙골라,2023-07-12,105925.0,1936.0,,,,,,,3.94,35588996
앙골라,2023-07-13,105925.0,1936.0,,,,,,,3.94,35588996
앙골라,2023-07-14,105925.0,1936.0,,,,,,,3.94,35588996
앙골라,2023-07-15,105925.0,1936.0,,,,,,,3.94,35588996
앙골라,2023-07-16,105925.0,1936.0,,,,,,,3.94,35588996
앙골라,2023-07-17,105926.0,1936.0,,,,,,,3.94,35588996
앙골라,2023-07-18,105926.0,1936.0,,,,,,,3.94,35588996
앙골라,2023-07-19,105926.0,1936.0,,,,,,,3.94,35588996
앙골라,2023-07-20,105926.0,1936.0,,,,,,,3.94,35588996
앙골라,2023-07-21,105926.0,1936.0,,,,,,,3.94,35588996
앙골라,2023-07-22,105926.0,1936.0,,,,,,,3.94,35588996
앙골라,2023-07-23,105926.0,1936.0,,,26521660.0,16177587.0,9209276.0,,3.94,35588996
앙골라,2023-07-24,105931.0,1936.0,,,,,,,3.94,35588996
앙골라,2023-07-25,105931.0,1936.0,,,,,,,3.94,35588996
앙골라,2023-07-26,105931.0,1936.0,,,,,,,3.94,35588996
앙골라,2023-07-27,105931.0,1936.0,,,,,,,3.94,35588996
앙골라,2023-07-28,105931.0,1936.0,,,,,,,3.94,35588996
앙골라,2023-07-29,105931.0,1936.0,,,,,,,3.94,35588996
앙골라,2023-07-30,105931.0,1936.0,,,,,,,3.94,35588996
앙골라,2023-07-31,105933.0,1936.0,,,,,,,3.94,35588996
앙골라,2023-08-01,105933.0,1936.0,,,,,,,3.94,35588996
앙골라,2023-08-02,105933.0,1936.0,,,,,,,3.94,35588996
앙골라,2023-08-03,105933.0,1936.0,,,,,,,3.94,35588996
앙골라,2023-08-04,105933.0,1936.0,,,,,,,3.94,35588996
앙골라,2023-08-05,105933.0,1936.0,,,,,,,3.94,35588996
앙골라,2023-08-06,105933.0,1936.0,,,,,,,3.94,35588996
앙골라,2023-08-07,105934.0,1936.0,,,,,,,3.94,35588996
앙골라,2023-08-08,105934.0,1936.0,,,,,,,3.94,35588996
앙골라,2023-08-09,105934.0,1936.0,,,,,,,3.94,35588996
앙골라,2023-08-10,105934.0,1936.0,,,,,,,3.94,35588996
앙골라,2023-08-11,105934.0,1936.0,,,,,,,3.94,35588996
앙골라,2023-08-12,105934.0,1936.0,,,,,,,3.94,35588996
앙골라,2023-08-13,105934.0,1936.0,,,,,,,3.94,35588996
앙골라,2023-08-14,105934.0,1936.0,,,,,,,3.94,35588996
앙골라,2023-08-15,105934.0,1936.0,,,,,,,3.94,35588996
앙골라,2023-08-16,105934.0,1936.0,,,,,,,3.94,35588996
앙골라,2023-08-17,105934.0,1936.0,,,,,,,3.94,35588996
앙골라,2023-08-18,105934.0,1936.0,,,,,,,3.94,35588996
앙골라,2023-08-19,105934.0,1936.0,,,,,,,3.94,35588996
앙골라,2023-08-20,105934.0,1936.0,,,26953525.0,16307216.0,9369882.0,,3.94,35588996
앙골라,2023-08-21,105937.0,1936.0,,,,,,,3.94,35588996
앙골라,2023-08-22,105937.0,1936.0,,,,,,,3.94,35588996
앙골라,2023-08-23,105937.0,1936.0,,,,,,,3.94,35588996
앙골라,2023-08-24,105937.0,1936.0,,,,,,,3.94,35588996
앙골라,2023-08-25,105937.0,1936.0,,,,,,,3.94,35588996
앙골라,2023-08-26,105937.0,1936.0,,,,,,,3.94,35588996
앙골라,2023-08-27,105937.0,1936.0,,,,,,,3.94,35588996
앙골라,2023-08-28,105944.0,1936.0,,,,,,,3.94,35588996
앙골라,2023-08-29,105944.0,1936.0,,,,,,,3.94,35588996
앙골라,2023-08-30,105944.0,1936.0,,,,,,,3.94,35588996
앙골라,2023-08-31,105944.0,1936.0,,,,,,,3.94,35588996
앙골라,2023-09-01,105944.0,1936.0,,,,,,,3.94,35588996
앙골라,2023-09-02,105944.0,1936.0,,,,,,,3.94,35588996
앙골라,2023-09-03,105944.0,1936.0,,,,,,,3.94,35588996
앙골라,2023-09-04,105952.0,1936.0,,,,,,,3.94,35588996
앙골라,2023-09-05,105952.0,1936.0,,,,,,,3.94,35588996
앙골라,2023-09-06,105952.0,1936.0,,,,,,,3.94,35588996
앙골라,2023-09-07,105952.0,1936.0,,,,,,,3.94,35588996
앙골라,2023-09-08,105952.0,1936.0,,,,,,,3.94,35588996
앙골라,2023-09-09,105952.0,1936.0,,,,,,,3.94,35588996
앙골라,2023-09-10,105952.0,1936.0,,,,,,,3.94,35588996
앙골라,2023-09-11,105960.0,1936.0,,,,,,,3.94,35588996
앙골라,2023-09-12,105960.0,1936.0,,,,,,,3.94,35588996
앙골라,2023-09-13,105960.0,1936.0,,,,,,,3.94,35588996
앙골라,2023-09-14,105960.0,1936.0,,,,,,,3.94,35588996
앙골라,2023-09-15,105960.0,1936.0,,,,,,,3.94,35588996
앙골라,2023-09-16,105960.0,1936.0,,,,,,,3.94,35588996
앙골라,2023-09-17,105960.0,1936.0,,,27309449.0,16406741.0,9472763.0,,3.94,35588996
앙골라,2023-09-18,105960.0,1936.0,,,,,,,3.94,35588996
앙골라,2023-09-19,105962.0,1936.0,,,,,,,3.94,35588996
앙골라,2023-09-20,105962.0,1936.0,,,,,,,3.94,35588996
앙골라,2023-09-21,105962.0,1936.0,,,,,,,3.94,35588996
앙골라,2023-09-22,105962.0,1936.0,,,,,,,3.94,35588996
앙골라,2023-09-23,105962.0,1936.0,,,,,,,3.94,35588996
앙골라,2023-09-24,105962.0,1936.0,,,,,,,3.94,35588996
앙골라,2023-09-25,105962.0,1936.0,,,,,,,3.94,35588996
앙골라,2023-09-26,105968.0,1936.0,,,,,,,3.94,35588996
앙골라,2023-09-27,105968.0,1936.0,,,,,,,3.94,35588996
앙골라,2023-09-28,105968.0,1936.0,,,,,,,3.94,35588996
앙골라,2023-09-29,105968.0,1936.0,,,,,,,3.94,35588996
앙골라,2023-09-30,105968.0,1936.0,,,,,,,3.94,35588996
앙골라,2023-10-01,105968.0,1936.0,,,,,,,3.94,35588996
앙골라,2023-10-02,105968.0,1936.0,,,,,,,3.94,35588996
앙골라,2023-10-03,105972.0,1936.0,,,,,,,3.94,35588996
앙골라,2023-10-04,105972.0,1936.0,,,,,,,3.94,35588996
앙골라,2023-10-05,105972.0,1936.0,,,,,,,3.94,35588996
앙골라,2023-10-06,105972.0,1936.0,,,,,,,3.94,35588996
앙골라,2023-10-07,105972.0,1936.0,,,,,,,3.94,35588996
앙골라,2023-10-08,105972.0,1936.0,,,,,,,3.94,35588996
앙골라,2023-10-09,105972.0,1936.0,,,,,,,3.94,35588996
앙골라,2023-10-10,105975.0,1936.0,,,,,,,3.94,35588996
앙골라,2023-10-11,105975.0,1936.0,,,,,,,3.94,35588996
앙골라,2023-10-12,105975.0,1936.0,,,,,,,3.94,35588996
앙골라,2023-10-13,105975.0,1936.0,,,,,,,3.94,35588996
앙골라,2023-10-14,105975.0,1936.0,,,,,,,3.94,35588996
앙골라,2023-10-15,105975.0,1936.0,,,,,,,3.94,35588996
앙골라,2023-10-16,105975.0,1936.0,,,,,,,3.94,35588996
앙골라,2023-10-17,105976.0,1936.0,,,,,,,3.94,35588996
앙골라,2023-10-18,105976.0,1936.0,,,,,,,3.94,35588996
앙골라,2023-10-19,105976.0,1936.0,,,,,,,3.94,35588996
앙골라,2023-10-20,105976.0,1936.0,,,,,,,3.94,35588996
앙골라,2023-10-21,105976.0,1936.0,,,,,,,3.94,35588996
앙골라,2023-10-22,105976.0,1936.0,,,27639026.0,16490814.0,9574047.0,,3.94,35588996
앙골라,2023-10-23,105976.0,1936.0,,,,,,,3.94,35588996
앙골라,2023-10-24,105976.0,1936.0,,,,,,,3.94,35588996
앙골라,2023-10-25,105976.0,1936.0,,,,,,,3.94,35588996
앙골라,2023-10-26,105976.0,1936.0,,,,,,,3.94,35588996
앙골라,2023-10-27,105976.0,1936.0,,,,,,,3.94,35588996
앙골라,2023-10-28,105976.0,1936.0,,,,,,,3.94,35588996
앙골라,2023-10-29,105976.0,1936.0,,,,,,,3.94,35588996
앙골라,2023-10-30,105976.0,1936.0,,,,,,,3.94,35588996
앙골라,2023-10-31,105976.0,1936.0,,,,,,,3.94,35588996
앙골라,2023-11-01,105976.0,1936.0,,,,,,,3.94,35588996
앙골라,2023-11-02,105976.0,1936.0,,,,,,,3.94,35588996
